0 0.042381 0.634446 0.016768 0.664323
0 0.074479 0.489455 0.017726 0.968366
0 0.106577 0.632689 0.016768 0.660808
0 0.140830 0.492091 0.018205 0.980668
0 0.191852 0.486819 0.017726 0.966608
0 0.231375 0.644112 0.010540 0.634446
0 0.245748 0.486819 0.019163 0.970123
0 0.307309 0.487698 0.015809 0.964851
0 0.340844 0.622144 0.013893 0.671353
0 0.367912 0.493849 0.017247 0.973638
0 0.428994 0.484183 0.020600 0.957821
0 0.487201 0.489455 0.015330 0.968366
0 0.510676 0.489455 0.016289 0.971880
0 0.543732 0.489455 0.018205 0.975395
0 0.567207 0.619508 0.011498 0.697715
0 0.583495 0.491213 0.014372 0.978910
0 0.603856 0.487698 0.016768 0.971881
0 0.691766 0.492970 0.021079 0.982425
0 0.763867 0.495606 0.016768 0.980668
0 0.841716 0.629174 0.015330 0.702988
0 0.858005 0.491213 0.014372 0.978910
0 0.890582 0.672232 0.020121 0.574692
0 0.966036 0.599297 0.018684 0.713533
