0 0.087405 0.500000 0.018684 1.000000
0 0.116868 0.500000 0.014372 1.000000
0 0.160463 0.500000 0.014372 1.000000
0 0.186573 0.500000 0.015809 1.000000
0 0.231846 0.500000 0.013414 1.000000
0 0.392575 0.500000 0.018684 1.000000
0 0.521438 0.500000 0.016289 1.000000
0 0.556411 0.500000 0.016289 1.000000
0 0.579406 0.500000 0.010540 1.000000
0 0.591862 0.500000 0.015330 1.000000
0 0.641926 0.500000 0.015809 1.000000
0 0.662526 0.500000 0.016768 1.000000
0 0.724087 0.500000 0.019163 1.000000
0 0.848406 0.500000 0.018684 1.000000
0 0.887691 0.500000 0.018684 1.000000
0 0.970803 0.500000 0.014851 1.000000
