0 0.028076 0.500000 0.018205 1.000000
0 0.050114 0.500000 0.017247 1.000000
0 0.107603 0.500000 0.015330 1.000000
0 0.127724 0.500000 0.016289 1.000000
0 0.152875 0.500000 0.010061 1.000000
0 0.164852 0.500000 0.013893 1.000000
0 0.184734 0.500000 0.015330 1.000000
0 0.303305 0.500000 0.016768 1.000000
0 0.350973 0.500000 0.013414 1.000000
0 0.362231 0.500000 0.011977 1.000000
0 0.379957 0.500000 0.018684 1.000000
0 0.412773 0.500000 0.016289 1.000000
0 0.427624 0.500000 0.014372 1.000000
0 0.456608 0.500000 0.019642 1.000000
1 0.503797 0.500000 0.074736 1.000000
0 0.601529 0.500000 0.016289 1.000000
0 0.710997 0.500000 0.018684 1.000000
0 0.739023 0.500000 0.015330 1.000000
0 0.757467 0.500000 0.016768 1.000000
0 0.813279 0.500000 0.019163 1.000000
0 0.878913 0.500000 0.018205 1.000000
0 0.943108 0.500000 0.014372 1.000000
0 0.978320 0.500000 0.018684 1.000000
