0 0.042277 0.472759 0.021079 0.920914
0 0.070063 0.779438 0.015330 0.360281
0 0.088507 0.857645 0.011977 0.179262
0 0.130640 0.669596 0.013893 0.597540
0 0.151719 0.589631 0.014851 0.743410
0 0.166092 0.630931 0.015809 0.681898
0 0.208969 0.614235 0.015330 0.711775
0 0.237953 0.610721 0.023475 0.725835
0 0.286579 0.609842 0.019163 0.717047
0 0.310053 0.608084 0.015330 0.717047
0 0.339037 0.602812 0.010061 0.727592
0 0.347421 0.508787 0.007665 0.905097
0 0.356524 0.623023 0.009581 0.676626
0 0.377842 0.586995 0.014851 0.717047
0 0.397484 0.737258 0.015809 0.458699
0 0.422875 0.826011 0.011977 0.291740
0 0.436529 0.503515 0.015330 0.933216
0 0.560123 0.634446 0.015809 0.681898
0 0.604197 0.762742 0.015809 0.407733
0 0.647314 0.635325 0.013893 0.655536
0 0.682047 0.492091 0.015330 0.963093
0 0.709354 0.621265 0.015330 0.701230
0 0.740015 0.488576 0.015330 0.952548
0 0.768520 0.611599 0.016768 0.657293
0 0.803492 0.865554 0.013893 0.181019
0 0.822176 0.475395 0.020600 0.929701
0 0.901589 0.479789 0.013893 0.949033
0 0.914045 0.871705 0.011019 0.130053
0 0.953329 0.627417 0.016768 0.710018
