0 0.186791 0.483304 0.017726 0.952548
0 0.232542 0.481547 0.017247 0.952548
0 0.251945 0.742531 0.011977 0.395431
0 0.463688 0.487698 0.016289 0.964851
0 0.482372 0.658172 0.015330 0.620387
0 0.554712 0.659930 0.015330 0.564148
0 0.620106 0.678383 0.016768 0.569420
0 0.689572 0.654657 0.017726 0.585237
0 0.716160 0.489455 0.017247 0.950791
0 0.779638 0.660808 0.022516 0.618629
0 0.866237 0.640598 0.016768 0.652021
0 0.910551 0.486819 0.015330 0.963093
0 0.925642 0.857645 0.011019 0.200352
0 0.962291 0.624780 0.014372 0.690685
