0 0.047907 0.500000 0.019163 1.000000
0 0.088629 0.500000 0.023954 1.000000
0 0.371761 0.500000 0.022996 1.000000
0 0.402901 0.500000 0.022037 1.000000
0 0.430688 0.500000 0.014372 1.000000
0 0.447934 0.500000 0.014372 1.000000
0 0.475157 0.500000 0.011019 1.000000
0 0.491445 0.500000 0.013893 1.000000
0 0.507255 0.500000 0.016768 1.000000
0 0.555881 0.500000 0.010540 1.000000
0 0.566899 0.500000 0.011498 1.000000
0 0.604267 0.500000 0.013414 1.000000
0 0.653851 0.500000 0.013893 1.000000
0 0.694573 0.500000 0.011019 1.000000
0 0.725233 0.500000 0.011019 1.000000
0 0.784159 0.500000 0.012935 1.000000
0 0.848116 0.500000 0.012456 1.000000
0 0.888837 0.500000 0.013414 1.000000
0 0.935547 0.500000 0.021558 1.000000
0 0.990162 0.500000 0.016768 1.000000
