0 0.058531 0.500000 0.013414 1.000000
0 0.083682 0.500000 0.018684 1.000000
1 0.149076 0.500000 0.071861 1.000000
0 0.306212 0.500000 0.018205 1.000000
0 0.538556 0.500000 0.018684 1.000000
0 0.562030 0.500000 0.014851 1.000000
0 0.597003 0.500000 0.015809 1.000000
0 0.612094 0.500000 0.013414 1.000000
0 0.629819 0.500000 0.010540 1.000000
0 0.653534 0.500000 0.013893 1.000000
0 0.682278 0.500000 0.013893 1.000000
0 0.702160 0.500000 0.015330 1.000000
0 0.765637 0.500000 0.017726 1.000000
0 0.808754 0.500000 0.018684 1.000000
0 0.856900 0.500000 0.015330 1.000000
0 0.969962 0.500000 0.022996 1.000000
