1 0.186159 0.500000 0.078089 1.000000
0 0.214425 0.500000 0.014851 1.000000
0 0.234546 0.500000 0.019642 1.000000
0 0.268560 0.500000 0.018684 1.000000
0 0.294430 0.500000 0.019642 1.000000
0 0.351510 0.500000 0.017247 1.000000
0 0.381691 0.500000 0.015330 1.000000
0 0.416664 0.500000 0.018205 1.000000
0 0.476548 0.500000 0.022037 1.000000
0 0.500741 0.500000 0.019642 1.000000
0 0.537630 0.500000 0.018684 1.000000
0 0.564937 0.500000 0.017726 1.000000
0 0.582902 0.500000 0.017247 1.000000
0 0.610689 0.500000 0.015330 1.000000
0 0.626498 0.500000 0.013414 1.000000
0 0.638954 0.500000 0.010540 1.000000
0 0.668896 0.500000 0.015809 1.000000
0 0.686143 0.500000 0.018684 1.000000
0 0.725427 0.500000 0.017726 1.000000
0 0.750254 0.500000 0.020121 1.000000
0 0.834811 0.500000 0.017726 1.000000
0 0.907390 0.500000 0.016289 1.000000
0 0.939249 0.500000 0.013893 1.000000
