0 0.000165 0.623902 0.000329 0.734622
0 0.009191 0.551845 0.012933 0.868190
0 0.030026 0.619508 0.018201 0.736380
0 0.274597 0.692443 0.013412 0.586995
0 0.325849 0.545694 0.015328 0.757469
0 0.428112 0.652021 0.017722 0.664323
0 0.458288 0.646749 0.016764 0.678383
0 0.500460 0.681898 0.018680 0.604569
0 0.524409 0.690685 0.017722 0.548330
0 0.551951 0.702988 0.016285 0.572935
0 0.609189 0.663445 0.012933 0.560633
0 0.764380 0.689807 0.015807 0.602812
0 0.781384 0.628295 0.013412 0.627417
0 0.795993 0.679262 0.015807 0.620387
0 0.826170 0.532513 0.014849 0.903339
0 0.863044 0.687170 0.016285 0.590510
0 0.908787 0.666081 0.015807 0.632689
0 0.947824 0.655536 0.014370 0.650264
0 0.981832 0.644991 0.019159 0.664323
0 0.998580 0.581722 0.002840 0.752197
