0 0.028153 0.500000 0.015328 1.000000
0 0.160346 0.500000 0.015807 1.000000
0 0.291827 0.500000 0.014370 1.000000
0 0.415644 0.500000 0.017722 1.000000
0 0.477913 0.500000 0.015807 1.000000
0 0.493959 0.500000 0.016285 1.000000
0 0.558586 0.500000 0.013412 1.000000
0 0.579901 0.500000 0.014849 1.000000
0 0.613670 0.500000 0.015328 1.000000
0 0.630674 0.500000 0.012933 1.000000
0 0.650312 0.500000 0.013891 1.000000
0 0.721920 0.500000 0.017243 1.000000
0 0.838314 0.500000 0.014370 1.000000
0 0.972824 0.500000 0.012933 1.000000
