0 0.007513 0.500000 0.015025 1.000000
0 0.041369 0.500000 0.014369 1.000000
0 0.057655 0.500000 0.018201 1.000000
0 0.081604 0.500000 0.023949 1.000000
0 0.115133 0.500000 0.023949 1.000000
0 0.157283 0.500000 0.022033 1.000000
0 0.196081 0.500000 0.024907 1.000000
0 0.241334 0.500000 0.025865 1.000000
0 0.261979 0.500000 0.018201 1.000000
0 0.286408 0.500000 0.013412 1.000000
0 0.302693 0.500000 0.015327 1.000000
0 0.316583 0.500000 0.012454 1.000000
0 0.330953 0.500000 0.018201 1.000000
0 0.383641 0.500000 0.018201 1.000000
0 0.405195 0.500000 0.021075 1.000000
0 0.438245 0.500000 0.016285 1.000000
0 0.472253 0.500000 0.017243 1.000000
0 0.505303 0.500000 0.014369 1.000000
0 0.519193 0.500000 0.011496 1.000000
0 0.530210 0.500000 0.014369 1.000000
0 0.544100 0.500000 0.015327 1.000000
0 0.573318 0.500000 0.018201 1.000000
0 0.610200 0.500000 0.021075 1.000000
0 0.652830 0.500000 0.018201 1.000000
0 0.671510 0.500000 0.017243 1.000000
0 0.705039 0.500000 0.022991 1.000000
0 0.750063 0.500000 0.019159 1.000000
0 0.784071 0.500000 0.018201 1.000000
0 0.805146 0.500000 0.018201 1.000000
0 0.831490 0.500000 0.021075 1.000000
0 0.893525 0.500000 0.017243 1.000000
0 0.908374 0.500000 0.012454 1.000000
0 0.979263 0.500000 0.018201 1.000000
7 0.996626 0.500000 0.006748 1.000000
