0 0.035129 0.500000 0.022991 1.000000
0 0.123261 0.500000 0.021075 1.000000
0 0.190319 0.500000 0.024907 1.000000
0 0.244444 0.500000 0.029697 1.000000
0 0.295695 0.500000 0.024907 1.000000
0 0.367064 0.500000 0.016285 1.000000
0 0.459803 0.500000 0.017243 1.000000
7 0.491895 0.500000 0.020117 1.000000
0 0.533087 0.500000 0.022033 1.000000
0 0.591044 0.500000 0.017243 1.000000
0 0.664329 0.500000 0.023949 1.000000
0 0.740008 0.500000 0.022033 1.000000
0 0.759646 0.500000 0.015327 1.000000
0 0.805629 0.500000 0.019159 1.000000
0 0.876518 0.500000 0.019159 1.000000
0 0.979979 0.500000 0.019159 1.000000
