0 0.055658 0.507909 0.030655 0.924429
0 0.139001 0.517575 0.022991 0.919156
0 0.181630 0.509666 0.025865 0.917399
0 0.221865 0.506151 0.023949 0.945518
0 0.258747 0.494728 0.022991 0.961336
0 0.305223 0.485062 0.019159 0.956063
0 0.356474 0.485940 0.016285 0.957821
0 0.419221 0.492091 0.026823 0.959578
0 0.477178 0.491213 0.020117 0.954306
0 0.540403 0.456942 0.018201 0.885764
0 0.559563 0.506151 0.016285 0.959578
0 0.577285 0.463972 0.021075 0.896309
0 0.660149 0.500879 0.022033 0.966608
0 0.735349 0.515817 0.022991 0.898067
0 0.828751 0.535149 0.022033 0.876977
0 0.895809 0.728471 0.020117 0.511424
4 0.977911 0.566784 0.024907 0.539543
0 0.991126 0.572935 0.013412 0.769772
