0 0.035455 0.500000 0.021081 1.000000
0 0.063244 0.500000 0.019165 1.000000
0 0.179670 0.500000 0.022039 1.000000
0 0.202668 0.500000 0.020123 1.000000
0 0.256808 0.500000 0.021081 1.000000
0 0.299929 0.500000 0.021081 1.000000
0 0.386649 0.500000 0.027789 1.000000
0 0.490139 0.500000 0.025872 1.000000
0 0.526552 0.500000 0.023956 1.000000
0 0.596504 0.500000 0.025872 1.000000
0 0.697598 0.500000 0.022998 1.000000
3 0.773816 0.500000 0.044151 1.000000
0 0.813066 0.500000 0.027789 1.000000
0 0.864811 0.500000 0.022039 1.000000
0 0.901703 0.500000 0.024914 1.000000
0 0.964947 0.500000 0.022998 1.000000
