0 0.007782 0.500000 0.015564 1.000000
0 0.124773 0.500000 0.024907 1.000000
0 0.208559 0.500000 0.020117 1.000000
4 0.234474 0.500000 0.026823 1.000000
0 0.308667 0.500000 0.022991 1.000000
0 0.331179 0.500000 0.023949 1.000000
4 0.361404 0.500000 0.027781 1.000000
0 0.381472 0.500000 0.019159 1.000000
0 0.412109 0.500000 0.022991 1.000000
0 0.529460 0.500000 0.029697 1.000000
0 0.574963 0.500000 0.017243 1.000000
0 0.630525 0.500000 0.021075 1.000000
0 0.672197 0.500000 0.018201 1.000000
0 0.711474 0.500000 0.022033 1.000000
7 0.756498 0.500000 0.023949 1.000000
0 0.807270 0.500000 0.020117 1.000000
7 0.827388 0.500000 0.020117 1.000000
0 0.860916 0.500000 0.022033 1.000000
0 0.983536 0.500000 0.020117 1.000000
