0 0.008333 0.500000 0.016667 1.000000
4 0.031498 0.500000 0.027781 1.000000
0 0.054588 0.500000 0.016285 1.000000
0 0.098654 0.500000 0.016285 1.000000
0 0.145115 0.500000 0.019159 1.000000
0 0.213131 0.500000 0.021075 1.000000
0 0.261987 0.500000 0.013412 1.000000
4 0.272440 0.500000 0.020117 1.000000
0 0.291205 0.500000 0.014369 1.000000
0 0.335272 0.500000 0.020117 1.000000
4 0.368716 0.500000 0.028739 1.000000
0 0.395623 0.500000 0.025865 1.000000
0 0.459807 0.500000 0.022033 1.000000
0 0.497168 0.500000 0.020117 1.000000
0 0.536923 0.500000 0.024907 1.000000
0 0.595838 0.500000 0.023949 1.000000
0 0.660085 0.500000 0.023949 1.000000
0 0.697924 0.500000 0.019159 1.000000
0 0.730495 0.500000 0.024907 1.000000
0 0.759234 0.500000 0.019159 1.000000
0 0.796116 0.500000 0.018201 1.000000
0 0.886165 0.500000 0.018201 1.000000
0 0.920173 0.500000 0.019159 1.000000
0 0.981961 0.500000 0.022033 1.000000
