4 0.005669 0.500000 0.011338 1.000000
0 0.068718 0.500000 0.024907 1.000000
0 0.161538 0.500000 0.022033 1.000000
0 0.213268 0.500000 0.029697 1.000000
0 0.292300 0.500000 0.024907 1.000000
0 0.397197 0.500000 0.023949 1.000000
7 0.441264 0.500000 0.022033 1.000000
0 0.463776 0.500000 0.015327 1.000000
0 0.521733 0.500000 0.025865 1.000000
4 0.569895 0.500000 0.026823 1.000000
0 0.642916 0.500000 0.021075 1.000000
0 0.716679 0.500000 0.024907 1.000000
0 0.769367 0.500000 0.022991 1.000000
0 0.806728 0.500000 0.022991 1.000000
0 0.838820 0.500000 0.020117 1.000000
7 0.857021 0.500000 0.014369 1.000000
0 0.879533 0.500000 0.021075 1.000000
0 0.919289 0.500000 0.018201 1.000000
0 0.947070 0.500000 0.018201 1.000000
4 0.971762 0.500000 0.029697 1.000000
0 0.993413 0.500000 0.013175 1.000000
