7 0.006685 0.500000 0.013370 1.000000
0 0.033867 0.500000 0.022033 1.000000
0 0.061648 0.500000 0.025865 1.000000
0 0.098530 0.500000 0.024907 1.000000
7 0.127269 0.500000 0.022991 1.000000
0 0.216360 0.500000 0.022991 1.000000
0 0.261384 0.500000 0.024907 1.000000
7 0.320778 0.500000 0.019159 1.000000
0 0.339459 0.500000 0.016285 1.000000
4 0.397282 0.500000 0.032571 1.000000
0 0.423281 0.500000 0.021075 1.000000
4 0.487809 0.500000 0.043108 1.000000
0 0.521240 0.500000 0.016285 1.000000
7 0.536567 0.500000 0.012454 1.000000
0 0.573449 0.500000 0.022991 1.000000
0 0.646255 0.500000 0.022991 1.000000
4 0.678445 0.500000 0.035445 1.000000
0 0.779891 0.500000 0.020117 1.000000
4 0.829324 0.500000 0.032571 1.000000
0 0.889578 0.500000 0.021075 1.000000
0 0.928855 0.500000 0.022991 1.000000
4 0.986989 0.500000 0.026023 1.000000
