0 0.018502 0.500000 0.019159 1.000000
7 0.041014 0.500000 0.022033 1.000000
0 0.071190 0.500000 0.022991 1.000000
0 0.107593 0.500000 0.021075 1.000000
0 0.151659 0.500000 0.024907 1.000000
0 0.204347 0.500000 0.024907 1.000000
0 0.240750 0.500000 0.030655 1.000000
0 0.273764 0.500000 0.027781 1.000000
0 0.295797 0.500000 0.014369 1.000000
0 0.314477 0.500000 0.021075 1.000000
0 0.345611 0.500000 0.022033 1.000000
0 0.373392 0.500000 0.010538 1.000000
0 0.386325 0.500000 0.013412 1.000000
0 0.427996 0.500000 0.020117 1.000000
0 0.469668 0.500000 0.021075 1.000000
0 0.512297 0.500000 0.020117 1.000000
7 0.528583 0.500000 0.012454 1.000000
0 0.556843 0.500000 0.013412 1.000000
0 0.570254 0.500000 0.015327 1.000000
0 0.603783 0.500000 0.021075 1.000000
0 0.654076 0.500000 0.020117 1.000000
4 0.701000 0.500000 0.023949 1.000000
0 0.736940 0.500000 0.017243 1.000000
4 0.783864 0.500000 0.028739 1.000000
0 0.809267 0.500000 0.022033 1.000000
0 0.860997 0.500000 0.020117 1.000000
0 0.916559 0.500000 0.018201 1.000000
0 0.935718 0.500000 0.016285 1.000000
7 0.950088 0.500000 0.016285 1.000000
0 0.966373 0.500000 0.018201 1.000000
0 0.996838 0.500000 0.006325 1.000000
