3 0.045483 0.504394 0.057478 0.945518
0 0.241947 0.681019 0.017243 0.483304
0 0.367919 0.610721 0.022033 0.655536
0 0.401927 0.596661 0.019159 0.627417
0 0.438330 0.601933 0.019159 0.602812
0 0.463716 0.628295 0.016285 0.680141
0 0.481438 0.619508 0.017243 0.655536
0 0.504429 0.619508 0.017243 0.666081
0 0.528378 0.625659 0.017243 0.678383
0 0.555681 0.625659 0.018201 0.671353
0 0.582025 0.630053 0.015327 0.687170
0 0.595915 0.619508 0.014369 0.683656
0 0.618427 0.617750 0.015327 0.676626
0 0.650998 0.587873 0.015327 0.739895
0 0.672073 0.481547 0.013412 0.959578
0 0.687880 0.671353 0.018201 0.583480
0 0.711829 0.543937 0.012454 0.884007
0 0.725720 0.610721 0.011496 0.715290
0 0.749190 0.484183 0.014369 0.957821
0 0.764996 0.485062 0.013412 0.945518
0 0.783676 0.597540 0.014369 0.727592
0 0.797088 0.596661 0.012454 0.725835
0 0.820079 0.495606 0.020117 0.956063
0 0.855045 0.537786 0.011496 0.875220
0 0.872288 0.541301 0.017243 0.868190
0 0.895280 0.532513 0.019159 0.861160
0 0.930245 0.502636 0.018201 0.931459
0 0.968085 0.561511 0.021075 0.824253
0 0.991076 0.520211 0.015327 0.906854
0 0.999370 0.550967 0.001260 0.838313
