0 0.003643 0.500000 0.007286 1.000000
0 0.058691 0.500000 0.014903 1.000000
0 0.126431 0.500000 0.010838 1.000000
0 0.209750 0.500000 0.017612 1.000000
0 0.254120 0.500000 0.016935 1.000000
0 0.312714 0.500000 0.018967 1.000000
0 0.336762 0.500000 0.015580 1.000000
0 0.411953 0.500000 0.018290 1.000000
0 0.490869 0.500000 0.018967 1.000000
0 0.535916 0.500000 0.015580 1.000000
0 0.558947 0.500000 0.019644 1.000000
0 0.652428 0.500000 0.018290 1.000000
0 0.780847 0.500000 0.011516 1.000000
0 0.822168 0.500000 0.015580 1.000000
0 0.946809 0.500000 0.016935 1.000000
