15 0.069426 0.500000 0.019644 1.000000
15 0.233694 0.500000 0.008129 1.000000
0 0.242839 0.500000 0.010161 1.000000
0 0.300079 0.500000 0.016257 1.000000
15 0.433864 0.500000 0.015580 1.000000
0 0.472476 0.500000 0.015580 1.000000
15 0.555118 0.500000 0.019644 1.000000
9 0.666090 0.500000 0.014225 1.000000
15 0.714185 0.500000 0.023709 1.000000
0 0.739926 0.500000 0.015580 1.000000
0 0.803263 0.500000 0.013548 1.000000
15 0.883534 0.500000 0.019644 1.000000
0 0.944161 0.500000 0.014903 1.000000
0 0.982772 0.500000 0.017612 1.000000
