0 0.000602 0.500000 0.001205 1.000000
0 0.228842 0.500000 0.016935 1.000000
0 0.281340 0.500000 0.021677 1.000000
0 0.332483 0.500000 0.016935 1.000000
0 0.356870 0.500000 0.018290 1.000000
0 0.411739 0.500000 0.018290 1.000000
0 0.443915 0.500000 0.017612 1.000000
0 0.522493 0.500000 0.016257 1.000000
0 0.608183 0.500000 0.016935 1.000000
0 0.636295 0.500000 0.012193 1.000000
0 0.688793 0.500000 0.018290 1.000000
0 0.708099 0.500000 0.010838 1.000000
0 0.824949 0.500000 0.014225 1.000000
0 0.945187 0.500000 0.014903 1.000000
0 0.998673 0.500000 0.002654 1.000000
