0 0.053147 0.500000 0.019160 1.000000
0 0.109191 0.500000 0.018202 1.000000
0 0.153260 0.500000 0.022034 1.000000
0 0.189665 0.500000 0.018202 1.000000
0 0.220321 0.500000 0.016286 1.000000
0 0.296829 0.500000 0.020118 1.000000
0 0.400295 0.500000 0.016286 1.000000
0 0.499450 0.500000 0.019160 1.000000
0 0.610101 0.500000 0.020118 1.000000
0 0.682198 0.500000 0.015328 1.000000
0 0.704232 0.500000 0.015328 1.000000
0 0.745427 0.500000 0.015328 1.000000
0 0.896794 0.500000 0.017244 1.000000
0 0.949006 0.500000 0.012454 1.000000
