0 0.023958 0.500000 0.017244 1.000000
0 0.045993 0.500000 0.017244 1.000000
0 0.114970 0.500000 0.017244 1.000000
0 0.181552 0.500000 0.016286 1.000000
0 0.217478 0.500000 0.015328 1.000000
0 0.402653 0.500000 0.017244 1.000000
0 0.470672 0.500000 0.017244 1.000000
0 0.526716 0.500000 0.016286 1.000000
0 0.568869 0.500000 0.012454 1.000000
0 0.608148 0.500000 0.018202 1.000000
0 0.782507 0.500000 0.020118 1.000000
0 0.815080 0.500000 0.012454 1.000000
0 0.829450 0.500000 0.016286 1.000000
0 0.873040 0.500000 0.017244 1.000000
0 0.941538 0.500000 0.018202 1.000000
