0 0.000249 0.500000 0.000499 1.000000
0 0.014047 0.500000 0.018967 1.000000
0 0.059433 0.500000 0.020322 1.000000
0 0.090932 0.500000 0.016935 1.000000
0 0.129543 0.500000 0.023709 1.000000
0 0.195928 0.500000 0.025064 1.000000
0 0.247749 0.500000 0.023032 1.000000
0 0.281619 0.500000 0.028451 1.000000
0 0.335134 0.500000 0.017612 1.000000
0 0.353085 0.500000 0.016935 1.000000
0 0.506777 0.500000 0.022354 1.000000
0 0.539292 0.500000 0.025064 1.000000
0 0.587387 0.500000 0.030483 1.000000
0 0.659191 0.500000 0.027773 1.000000
0 0.724222 0.500000 0.019645 1.000000
0 0.755721 0.500000 0.025741 1.000000
0 0.796703 0.500000 0.016935 1.000000
0 0.814654 0.500000 0.017612 1.000000
0 0.889507 0.500000 0.025064 1.000000
