0 0.000964 0.628295 0.001928 0.644991
0 0.076442 0.610721 0.020322 0.704745
0 0.115053 0.506151 0.013548 0.952548
0 0.134698 0.588752 0.018967 0.762742
0 0.201760 0.576450 0.018967 0.794376
0 0.255952 0.634446 0.021677 0.643234
0 0.329111 0.601933 0.021677 0.722320
0 0.395835 0.603691 0.018290 0.708260
0 0.476445 0.593146 0.020999 0.729350
0 0.537411 0.561511 0.019645 0.799649
0 0.556039 0.601933 0.014903 0.715290
0 0.608199 0.534271 0.017612 0.875220
0 0.672213 0.530756 0.020999 0.857645
0 0.715992 0.517575 0.017612 0.880492
0 0.795586 0.737258 0.016935 0.448155
0 0.818956 0.579965 0.017612 0.790861
0 0.879245 0.590510 0.020322 0.755712
0 0.915824 0.574692 0.016258 0.804921
0 0.942920 0.561511 0.020322 0.824253
0 0.990427 0.578207 0.019146 0.762742
