0 0.009111 0.500000 0.018221 1.000000
0 0.094429 0.500000 0.015580 1.000000
0 0.179715 0.500000 0.020322 1.000000
0 0.267438 0.500000 0.018290 1.000000
0 0.330774 0.500000 0.016258 1.000000
0 0.349321 0.500000 0.023545 1.000000
8 0.381240 0.500000 0.026419 1.000000
0 0.434755 0.500000 0.018290 1.000000
0 0.487931 0.500000 0.018967 1.000000
8 0.512317 0.500000 0.025741 1.000000
0 0.573479 0.500000 0.018290 1.000000
0 0.614123 0.500000 0.020999 1.000000
0 0.656121 0.500000 0.025064 1.000000
0 0.708958 0.500000 0.027773 1.000000
0 0.746215 0.500000 0.018290 1.000000
0 0.784827 0.500000 0.016935 1.000000
0 0.803794 0.500000 0.019645 1.000000
0 0.922000 0.500000 0.020322 1.000000
