0 0.012611 0.510545 0.025064 0.919156
0 0.100673 0.532513 0.023709 0.892794
0 0.177219 0.512302 0.014225 0.936731
0 0.194154 0.502636 0.016935 0.949033
0 0.229717 0.494728 0.020322 0.947276
0 0.278829 0.488576 0.020999 0.970123
0 0.379761 0.497364 0.018290 0.963093
0 0.443437 0.494728 0.019645 0.968366
8 0.499999 0.637961 0.020322 0.664323
0 0.534885 0.497364 0.020999 0.970123
0 0.584335 0.491213 0.014225 0.964851
0 0.597545 0.727592 0.014903 0.492091
0 0.655462 0.497364 0.022354 0.970123
0 0.736498 0.497364 0.016258 0.952548
0 0.787641 0.511424 0.010161 0.903339
0 0.799496 0.493849 0.012193 0.970123
0 0.819479 0.580844 0.015580 0.778559
0 0.881461 0.495606 0.020322 0.963093
0 0.972910 0.491213 0.023032 0.961336
