0 0.011438 0.500000 0.019645 1.000000
0 0.034809 0.500000 0.021677 1.000000
0 0.069695 0.500000 0.026419 1.000000
0 0.151910 0.500000 0.018290 1.000000
0 0.168506 0.500000 0.013548 1.000000
0 0.201699 0.500000 0.021677 1.000000
0 0.246068 0.500000 0.019645 1.000000
0 0.339211 0.500000 0.023032 1.000000
0 0.445562 0.500000 0.014903 1.000000
0 0.461481 0.500000 0.019645 1.000000
0 0.552930 0.500000 0.023709 1.000000
0 0.586122 0.500000 0.020999 1.000000
0 0.641669 0.500000 0.022354 1.000000
0 0.682990 0.500000 0.018290 1.000000
0 0.710086 0.500000 0.019645 1.000000
1 0.769249 0.500000 0.099578 1.000000
1 0.881358 0.500000 0.123286 1.000000
0 0.961969 0.500000 0.016258 1.000000
