8 0.019311 0.500000 0.018290 1.000000
0 0.035929 0.500000 0.017612 1.000000
0 0.054896 0.500000 0.016258 1.000000
0 0.120604 0.500000 0.018967 1.000000
8 0.212391 0.500000 0.014225 1.000000
0 0.227294 0.500000 0.015580 1.000000
0 0.246939 0.500000 0.016935 1.000000
0 0.538962 0.500000 0.015580 1.000000
0 0.558268 0.500000 0.017612 1.000000
0 0.656829 0.500000 0.022354 1.000000
0 0.729988 0.500000 0.023709 1.000000
0 0.791970 0.500000 0.024386 1.000000
0 0.912547 0.500000 0.018967 1.000000
0 0.933885 0.500000 0.019645 1.000000
0 0.998611 0.500000 0.002778 1.000000
