0 0.002056 0.500000 0.004111 1.000000
0 0.010208 0.500000 0.012193 1.000000
0 0.044481 0.500000 0.016935 1.000000
0 0.075303 0.500000 0.016258 1.000000
0 0.105786 0.500000 0.017612 1.000000
0 0.149817 0.500000 0.014903 1.000000
0 0.162961 0.500000 0.012871 1.000000
0 0.192493 0.500000 0.016258 1.000000
0 0.247362 0.500000 0.016258 1.000000
0 0.290038 0.500000 0.020322 1.000000
8 0.316118 0.500000 0.011516 1.000000
8 0.376406 0.500000 0.014225 1.000000
0 0.393680 0.500000 0.017612 1.000000
8 0.427889 0.500000 0.014225 1.000000
0 0.444824 0.500000 0.018290 1.000000
8 0.475645 0.500000 0.012193 1.000000
0 0.524757 0.500000 0.019645 1.000000
0 0.608077 0.500000 0.014225 1.000000
0 0.623995 0.500000 0.016258 1.000000
0 0.663962 0.500000 0.023032 1.000000
0 0.740704 0.500000 0.020999 1.000000
0 0.769155 0.500000 0.016935 1.000000
0 0.812847 0.500000 0.016258 1.000000
0 0.893883 0.500000 0.018290 1.000000
0 0.914543 0.500000 0.018967 1.000000
0 0.993174 0.500000 0.013652 1.000000
