0 0.057818 0.500000 0.018290 1.000000
0 0.165448 0.500000 0.023709 1.000000
0 0.209140 0.500000 0.020322 1.000000
0 0.311766 0.500000 0.015580 1.000000
0 0.373409 0.500000 0.016935 1.000000
0 0.437423 0.500000 0.014903 1.000000
8 0.455035 0.500000 0.017612 1.000000
0 0.470954 0.500000 0.016935 1.000000
8 0.529888 0.500000 0.022354 1.000000
0 0.569177 0.500000 0.019645 1.000000
0 0.659610 0.500000 0.020322 1.000000
0 0.717188 0.500000 0.020322 1.000000
0 0.780864 0.500000 0.025741 1.000000
0 0.840136 0.500000 0.025064 1.000000
0 0.995297 0.500000 0.009406 1.000000
