0 0.017854 0.500000 0.012871 1.000000
0 0.032418 0.500000 0.014903 1.000000
0 0.079159 0.500000 0.016258 1.000000
0 0.096094 0.500000 0.014903 1.000000
0 0.139108 0.500000 0.019645 1.000000
0 0.212945 0.500000 0.019645 1.000000
0 0.254943 0.500000 0.020999 1.000000
0 0.334438 0.500000 0.023032 1.000000
0 0.415387 0.500000 0.022354 1.000000
0 0.505481 0.500000 0.015580 1.000000
0 0.530545 0.500000 0.018290 1.000000
0 0.554931 0.500000 0.018290 1.000000
0 0.595914 0.500000 0.018967 1.000000
0 0.641300 0.500000 0.016258 1.000000
0 0.666702 0.500000 0.014225 1.000000
0 0.720894 0.500000 0.018290 1.000000
0 0.756457 0.500000 0.020322 1.000000
0 0.834019 0.500000 0.019645 1.000000
0 0.886615 0.500000 0.018290 1.000000
0 0.915066 0.500000 0.022354 1.000000
0 0.970274 0.500000 0.018967 1.000000
