1 0.004480 0.768014 0.008961 0.101933
7 0.017748 0.532513 0.023950 0.868190
7 0.095825 0.646749 0.021076 0.632689
7 0.141809 0.572056 0.024908 0.782074
0 0.227070 0.772408 0.021076 0.377856
1 0.310730 0.446397 0.118792 0.755712
1 0.433832 0.497364 0.123582 0.653779
7 0.524081 0.535149 0.022034 0.852373
7 0.715201 0.540422 0.021076 0.831283
7 0.736277 0.659051 0.017244 0.576450
0 0.755437 0.769772 0.017244 0.347979
1 0.909871 0.447276 0.132204 0.753954
0 0.917684 0.830404 0.016286 0.240773
1 0.989424 0.541301 0.021153 0.551845
