0 0.046402 0.500000 0.018290 1.000000
8 0.214397 0.500000 0.015580 1.000000
0 0.346150 0.500000 0.016258 1.000000
0 0.461986 0.500000 0.014903 1.000000
0 0.506694 0.500000 0.017612 1.000000
8 0.605124 0.500000 0.018967 1.000000
8 0.635268 0.500000 0.015580 1.000000
0 0.671170 0.500000 0.016935 1.000000
0 0.701992 0.500000 0.017612 1.000000
0 0.729765 0.500000 0.016258 1.000000
0 0.761603 0.500000 0.017612 1.000000
0 0.813424 0.500000 0.015580 1.000000
0 0.844584 0.500000 0.015580 1.000000
0 0.858809 0.500000 0.012871 1.000000
0 0.886244 0.500000 0.014903 1.000000
0 0.921807 0.500000 0.015580 1.000000
0 0.960758 0.500000 0.013548 1.000000
0 0.987515 0.500000 0.012871 1.000000
0 0.996298 0.500000 0.007405 1.000000
