0 0.045780 0.500000 0.031648 1.000000
0 0.098040 0.500000 0.032064 1.000000
7 0.187061 0.500000 0.032481 1.000000
0 0.298130 0.500000 0.019988 1.000000
0 0.321865 0.500000 0.016657 1.000000
0 0.344977 0.500000 0.017906 1.000000
0 0.363299 0.500000 0.013742 1.000000
7 0.376552 0.500000 0.017906 1.000000
0 0.396926 0.500000 0.019988 1.000000
0 0.427741 0.500000 0.022487 1.000000
0 0.464178 0.500000 0.023736 1.000000
0 0.498740 0.500000 0.024569 1.000000
7 0.527412 0.500000 0.020405 1.000000
7 0.624854 0.500000 0.025402 1.000000
7 0.689815 0.500000 0.035396 1.000000
7 0.799749 0.500000 0.033730 1.000000
