0 0.072565 0.500000 0.008243 1.000000
0 0.126144 0.500000 0.011776 1.000000
0 0.175013 0.500000 0.016486 1.000000
0 0.221820 0.500000 0.019430 1.000000
0 0.267745 0.500000 0.018252 1.000000
0 0.324267 0.500000 0.024140 1.000000
0 0.424359 0.500000 0.020607 1.000000
0 0.496190 0.500000 0.021785 1.000000
0 0.562428 0.500000 0.024729 1.000000
0 0.644942 0.500000 0.021196 1.000000
0 0.695871 0.500000 0.020607 1.000000
0 0.745917 0.500000 0.018252 1.000000
0 0.794196 0.500000 0.019430 1.000000
0 0.838355 0.500000 0.019430 1.000000
0 0.949633 0.500000 0.020607 1.000000
