0 0.047664 0.500000 0.017663 1.000000
6 0.133506 0.500000 0.026495 1.000000
0 0.158942 0.500000 0.021196 1.000000
0 0.289380 0.500000 0.013542 1.000000
0 0.352674 0.500000 0.018841 1.000000
0 0.404486 0.500000 0.016486 1.000000
0 0.455121 0.500000 0.018841 1.000000
0 0.532545 0.500000 0.020607 1.000000
0 0.620567 0.500000 0.024729 1.000000
0 0.738028 0.500000 0.020607 1.000000
0 0.827817 0.500000 0.023551 1.000000
0 0.913774 0.500000 0.019430 1.000000
6 0.940003 0.500000 0.020607 1.000000
0 0.969119 0.500000 0.019430 1.000000
