10 0.071153 0.500000 0.142305 1.000000
0 0.183930 0.500000 0.018847 1.000000
0 0.243417 0.500000 0.020025 1.000000
0 0.269331 0.500000 0.018847 1.000000
11 0.313440 0.500000 0.061842 1.000000
0 0.352401 0.500000 0.014135 1.000000
11 0.407971 0.500000 0.094236 1.000000
11 0.489249 0.500000 0.056541 1.000000
0 0.523409 0.500000 0.015313 1.000000
0 0.561104 0.500000 0.020025 1.000000
0 0.598503 0.500000 0.015902 1.000000
0 0.666530 0.500000 0.015313 1.000000
0 0.739268 0.500000 0.015902 1.000000
0 0.810534 0.500000 0.013546 1.000000
0 0.918459 0.500000 0.016491 1.000000
