0 0.030331 0.500000 0.010896 1.000000
0 0.223466 0.500000 0.013841 1.000000
0 0.279271 0.500000 0.011190 1.000000
0 0.317112 0.500000 0.011485 1.000000
0 0.356721 0.500000 0.013546 1.000000
0 0.396624 0.500000 0.013841 1.000000
0 0.445009 0.500000 0.012368 1.000000
0 0.505894 0.500000 0.008982 1.000000
0 0.575245 0.500000 0.011043 1.000000
0 0.629837 0.500000 0.018553 1.000000
0 0.685274 0.500000 0.010749 1.000000
0 0.763339 0.500000 0.012957 1.000000
0 0.836004 0.500000 0.011043 1.000000
0 0.888092 0.500000 0.012957 1.000000
0 0.952585 0.500000 0.013252 1.000000
0 0.999870 0.500000 0.000260 1.000000
