0 0.005980 0.500000 0.011961 1.000000
0 0.080871 0.500000 0.008835 1.000000
0 0.198091 0.500000 0.012368 1.000000
0 0.282093 0.500000 0.010454 1.000000
0 0.346286 0.500000 0.016867 1.000000
0 0.400739 0.500000 0.013327 1.000000
0 0.474870 0.500000 0.013327 1.000000
0 0.524128 0.500000 0.013327 1.000000
0 0.563153 0.500000 0.010412 1.000000
0 0.630516 0.500000 0.009787 1.000000
0 0.687260 0.500000 0.011661 1.000000
13 0.729750 0.500000 0.021448 1.000000
0 0.825205 0.500000 0.013952 1.000000
0 0.976486 0.500000 0.013327 1.000000
