0 0.050867 0.500000 0.036511 1.000000
0 0.094445 0.500000 0.034156 1.000000
1 0.268487 0.500000 0.173134 1.000000
0 0.222823 0.500000 0.024733 1.000000
0 0.251090 0.500000 0.027089 1.000000
0 0.280535 0.500000 0.022378 1.000000
0 0.440125 0.500000 0.023556 1.000000
0 0.481936 0.500000 0.036511 1.000000
0 0.533759 0.500000 0.024733 1.000000
1 0.644051 0.500000 0.170779 1.000000
0 0.803646 0.500000 0.031800 1.000000
0 0.878435 0.500000 0.028267 1.000000
0 0.979725 0.500000 0.016489 1.000000
0 0.995162 0.500000 0.009675 1.000000
