1 0.020673 0.500000 0.041347 1.000000
0 0.051240 0.500000 0.018256 1.000000
0 0.112191 0.500000 0.017667 1.000000
0 0.160480 0.500000 0.020023 1.000000
0 0.205825 0.500000 0.017667 1.000000
0 0.294749 0.500000 0.017667 1.000000
0 0.365122 0.500000 0.022967 1.000000
1 0.587223 0.500000 0.137213 1.000000
0 0.579830 0.500000 0.017667 1.000000
0 0.601619 0.500000 0.018845 1.000000
0 0.740011 0.500000 0.016489 1.000000
0 0.901074 0.500000 0.022967 1.000000
0 0.953781 0.500000 0.014134 1.000000
0 0.970270 0.500000 0.017667 1.000000
