1 0.021837 0.778831 0.043674 0.142180
0 0.099710 0.645340 0.020415 0.684044
0 0.274861 0.637441 0.017915 0.668246
0 0.314024 0.631912 0.015415 0.679305
0 0.358395 0.632701 0.016665 0.661927
0 0.403807 0.624013 0.027497 0.710900
0 0.550566 0.647709 0.016665 0.657188
0 0.601394 0.661927 0.020831 0.660348
0 0.647848 0.625592 0.019581 0.707741
0 0.718049 0.672196 0.019998 0.633491
0 0.743880 0.664297 0.020831 0.620853
1 0.794500 0.604265 0.062077 0.484992
0 0.800541 0.672986 0.024998 0.612954
0 0.869182 0.734597 0.022914 0.486572
0 0.969381 0.724329 0.025831 0.516588
