0 0.039182 0.500000 0.016248 1.000000
0 0.063762 0.500000 0.015415 1.000000
0 0.081261 0.500000 0.014582 1.000000
1 0.137297 0.500000 0.086658 1.000000
0 0.147974 0.500000 0.018748 1.000000
0 0.191720 0.500000 0.011249 1.000000
0 0.205677 0.500000 0.015832 1.000000
1 0.278170 0.500000 0.071660 1.000000
0 0.289210 0.500000 0.012915 1.000000
0 0.386284 0.500000 0.016248 1.000000
0 0.566071 0.500000 0.021248 1.000000
8 0.635648 0.500000 0.022081 1.000000
0 0.672728 0.500000 0.020415 1.000000
0 0.751262 0.500000 0.019165 1.000000
0 0.791674 0.500000 0.022498 1.000000
0 0.888956 0.500000 0.020415 1.000000
0 0.928119 0.500000 0.012915 1.000000
0 0.953950 0.500000 0.021248 1.000000
