0 0.023446 0.500000 0.014999 1.000000
0 0.136768 0.500000 0.015832 1.000000
1 0.200928 0.500000 0.059994 1.000000
0 0.233009 0.500000 0.015832 1.000000
0 0.285712 0.500000 0.016248 1.000000
0 0.325708 0.500000 0.019581 1.000000
0 0.365912 0.500000 0.015832 1.000000
0 0.459250 0.500000 0.013749 1.000000
8 0.577988 0.500000 0.022081 1.000000
0 0.620484 0.500000 0.014582 1.000000
0 0.643190 0.500000 0.020831 1.000000
1 0.905354 0.500000 0.084158 1.000000
0 0.899938 0.500000 0.017498 1.000000
0 0.917436 0.500000 0.014999 1.000000
1 0.978924 0.500000 0.042151 1.000000
0 0.975139 0.500000 0.018748 1.000000
