0 0.042990 0.500000 0.009999 1.000000
0 0.057780 0.500000 0.017082 1.000000
1 0.083611 0.500000 0.061244 1.000000
0 0.246003 0.500000 0.015832 1.000000
0 0.260793 0.500000 0.014582 1.000000
1 0.322453 0.500000 0.110406 1.000000
0 0.390572 0.500000 0.009999 1.000000
0 0.402237 0.500000 0.013332 1.000000
1 0.477992 0.500000 0.115822 1.000000
0 0.569024 0.500000 0.022914 1.000000
0 0.628810 0.500000 0.014999 1.000000
0 0.645892 0.500000 0.014165 1.000000
0 0.689638 0.500000 0.018332 1.000000
0 0.817856 0.500000 0.021248 1.000000
1 0.921180 0.500000 0.108739 1.000000
8 0.878267 0.500000 0.014582 1.000000
0 0.895140 0.500000 0.015832 1.000000
12 0.992566 0.500000 0.014868 1.000000
