0 0.041668 0.500000 0.015823 1.000000
0 0.132852 0.500000 0.020820 1.000000
0 0.189690 0.500000 0.017905 1.000000
0 0.280883 0.500000 0.021237 1.000000
0 0.331059 0.500000 0.019987 1.000000
0 0.381444 0.500000 0.017489 1.000000
0 0.432453 0.500000 0.018738 1.000000
0 0.489252 0.500000 0.021237 1.000000
0 0.548589 0.500000 0.020820 1.000000
0 0.605012 0.500000 0.020404 1.000000
0 0.654980 0.500000 0.019571 1.000000
0 0.704324 0.500000 0.020820 1.000000
0 0.753459 0.500000 0.020820 1.000000
0 0.803011 0.500000 0.022486 1.000000
0 0.858393 0.500000 0.021653 1.000000
0 0.915484 0.500000 0.024151 1.000000
0 0.977320 0.500000 0.026233 1.000000
