0 0.000438 0.500000 0.000875 1.000000
0 0.036269 0.500000 0.020820 1.000000
0 0.088528 0.500000 0.020404 1.000000
0 0.139329 0.500000 0.019571 1.000000
0 0.185758 0.500000 0.018322 1.000000
0 0.229688 0.500000 0.019571 1.000000
0 0.272161 0.500000 0.021237 1.000000
0 0.314426 0.500000 0.017489 1.000000
0 0.364585 0.500000 0.018738 1.000000
0 0.412679 0.500000 0.020820 1.000000
0 0.461607 0.500000 0.019571 1.000000
0 0.516155 0.500000 0.019571 1.000000
0 0.583821 0.500000 0.021653 1.000000
0 0.648780 0.500000 0.017489 1.000000
0 0.699789 0.500000 0.017905 1.000000
0 0.747259 0.500000 0.017905 1.000000
0 0.857202 0.500000 0.019987 1.000000
0 0.917581 0.500000 0.017489 1.000000
