0 0.044749 0.500000 0.029565 1.000000
0 0.177164 0.500000 0.030397 1.000000
0 0.247953 0.500000 0.027899 1.000000
0 0.335189 0.500000 0.032479 1.000000
0 0.403479 0.500000 0.030814 1.000000
0 0.478432 0.500000 0.025817 1.000000
0 0.535315 0.500000 0.028732 1.000000
0 0.595069 0.500000 0.026650 1.000000
0 0.656488 0.500000 0.024568 1.000000
0 0.704791 0.500000 0.027066 1.000000
0 0.754134 0.500000 0.023319 1.000000
0 0.822633 0.500000 0.027899 1.000000
0 0.874475 0.500000 0.023319 1.000000
0 0.931774 0.500000 0.026233 1.000000
0 0.986948 0.500000 0.024984 1.000000
