0 0.002496 0.569653 0.004991 0.825859
0 0.044966 0.567476 0.018322 0.821505
0 0.135702 0.555865 0.016240 0.801185
0 0.179841 0.560219 0.017072 0.804088
0 0.218982 0.561671 0.017072 0.804088
0 0.258957 0.562396 0.017072 0.814248
0 0.295601 0.562396 0.016240 0.808442
0 0.336408 0.562396 0.018738 0.808442
0 0.378881 0.563848 0.018738 0.814248
0 0.420313 0.560945 0.017489 0.808442
0 0.461080 0.563122 0.017905 0.806990
0 0.511049 0.566025 0.018738 0.812796
0 0.546443 0.568202 0.018738 0.817150
0 0.582462 0.563848 0.019155 0.814248
0 0.618897 0.565299 0.017072 0.814248
0 0.662203 0.560945 0.017905 0.802636
0 0.700095 0.559493 0.017905 0.814248
0 0.736114 0.566751 0.018322 0.814248
0 0.773936 0.563848 0.017489 0.808442
0 0.815576 0.570379 0.015823 0.815699
0 0.857008 0.562396 0.017905 0.802636
0 0.900939 0.563122 0.018322 0.812796
0 0.946535 0.565299 0.020404 0.808442
0 0.991069 0.562396 0.017863 0.817151
