0 0.007830 0.500000 0.015660 1.000000
0 0.069376 0.500000 0.020820 1.000000
0 0.158486 0.500000 0.018322 1.000000
0 0.213350 0.500000 0.018738 1.000000
0 0.268731 0.500000 0.019571 1.000000
0 0.334939 0.500000 0.021237 1.000000
0 0.430295 0.500000 0.020404 1.000000
0 0.482554 0.500000 0.020820 1.000000
0 0.536686 0.500000 0.021653 1.000000
0 0.618792 0.500000 0.022069 1.000000
0 0.677088 0.500000 0.024568 1.000000
0 0.778274 0.500000 0.023735 1.000000
0 0.867801 0.500000 0.029565 1.000000
0 0.935050 0.500000 0.025817 1.000000
0 0.997506 0.500000 0.004988 1.000000
