0 0.021237 0.500000 0.011659 1.000000
0 0.078284 0.500000 0.011659 1.000000
0 0.142410 0.500000 0.012492 1.000000
0 0.182176 0.500000 0.013741 1.000000
0 0.242346 0.500000 0.017489 1.000000
0 0.348821 0.500000 0.017489 1.000000
0 0.489149 0.500000 0.016656 1.000000
0 0.523502 0.500000 0.019571 1.000000
0 0.571596 0.500000 0.014990 1.000000
0 0.653619 0.500000 0.014990 1.000000
0 0.709209 0.500000 0.013741 1.000000
0 0.746060 0.500000 0.013325 1.000000
0 0.780622 0.500000 0.015823 1.000000
0 0.813101 0.500000 0.014990 1.000000
0 0.875699 0.500000 0.012908 1.000000
0 0.907970 0.500000 0.014990 1.000000
0 0.950443 0.500000 0.016656 1.000000
0 0.993959 0.500000 0.012081 1.000000
