0 0.003108 0.500000 0.006217 1.000000
0 0.044942 0.500000 0.019155 1.000000
8 0.064236 0.500000 0.020820 1.000000
0 0.098658 0.500000 0.014990 1.000000
0 0.114898 0.500000 0.015823 1.000000
0 0.171621 0.500000 0.023319 1.000000
0 0.247406 0.500000 0.024984 1.000000
0 0.356087 0.500000 0.019155 1.000000
0 0.413551 0.500000 0.019155 1.000000
0 0.444781 0.500000 0.019987 1.000000
0 0.476428 0.500000 0.019987 1.000000
0 0.523481 0.500000 0.017489 1.000000
0 0.550131 0.500000 0.024151 1.000000
0 0.598017 0.500000 0.024984 1.000000
8 0.680095 0.500000 0.021653 1.000000
8 0.764625 0.500000 0.020820 1.000000
8 0.918694 0.500000 0.015823 1.000000
0 0.937108 0.500000 0.021653 1.000000
