0 0.047057 0.500000 0.021653 1.000000
0 0.078704 0.500000 0.014990 1.000000
8 0.090224 0.500000 0.017489 1.000000
8 0.225555 0.500000 0.019987 1.000000
0 0.249012 0.500000 0.022486 1.000000
0 0.462812 0.500000 0.025817 1.000000
0 0.514862 0.500000 0.026650 1.000000
0 0.570660 0.500000 0.013325 1.000000
0 0.585650 0.500000 0.018322 1.000000
0 0.647694 0.500000 0.014158 1.000000
0 0.664767 0.500000 0.018322 1.000000
0 0.685171 0.500000 0.020820 1.000000
0 0.719316 0.500000 0.012492 1.000000
0 0.732641 0.500000 0.014158 1.000000
0 0.746798 0.500000 0.010826 1.000000
0 0.759707 0.500000 0.016656 1.000000
0 0.805095 0.500000 0.022486 1.000000
0 0.856728 0.500000 0.022486 1.000000
0 0.900867 0.500000 0.020820 1.000000
0 0.954583 0.500000 0.019987 1.000000
0 0.982066 0.500000 0.014990 1.000000
0 0.994780 0.500000 0.010439 1.000000
