0 0.057745 0.500000 0.015823 1.000000
8 0.079814 0.500000 0.019155 1.000000
0 0.103757 0.500000 0.012076 1.000000
0 0.115000 0.500000 0.010410 1.000000
6 0.127599 0.500000 0.017905 1.000000
0 0.160180 0.500000 0.013325 1.000000
6 0.174559 0.500000 0.011659 1.000000
0 0.184761 0.500000 0.012076 1.000000
0 0.221196 0.500000 0.016656 1.000000
6 0.328003 0.500000 0.019571 1.000000
6 0.442306 0.500000 0.017489 1.000000
6 0.596166 0.500000 0.017905 1.000000
0 0.699062 0.500000 0.016240 1.000000
6 0.732791 0.500000 0.017905 1.000000
0 0.753611 0.500000 0.016240 1.000000
0 0.774431 0.500000 0.015407 1.000000
0 0.841055 0.500000 0.016240 1.000000
0 0.884569 0.500000 0.009161 1.000000
0 0.896020 0.500000 0.016240 1.000000
6 0.948695 0.500000 0.021653 1.000000
