6 0.047122 0.500000 0.042473 1.000000
6 0.149974 0.500000 0.029981 1.000000
6 0.244844 0.500000 0.023319 1.000000
6 0.379296 0.500000 0.035579 1.000000
6 0.453253 0.500000 0.021237 1.000000
6 0.632528 0.500000 0.031230 1.000000
0 0.711250 0.500000 0.015823 1.000000
0 0.792449 0.500000 0.009994 1.000000
0 0.805149 0.500000 0.015407 1.000000
0 0.844291 0.500000 0.017905 1.000000
0 0.875313 0.500000 0.014990 1.000000
0 0.891761 0.500000 0.017072 1.000000
6 0.911093 0.500000 0.021237 1.000000
0 0.946695 0.500000 0.014990 1.000000
6 0.982089 0.500000 0.018322 1.000000
0 0.999164 0.500000 0.001671 1.000000
