0 0.002106 0.500000 0.004211 1.000000
6 0.065267 0.500000 0.021237 1.000000
12 0.153638 0.500000 0.015823 1.000000
12 0.277393 0.500000 0.025152 1.000000
12 0.360966 0.500000 0.027066 1.000000
6 0.438155 0.500000 0.022486 1.000000
0 0.484576 0.500000 0.017072 1.000000
0 0.518513 0.500000 0.016656 1.000000
6 0.571688 0.500000 0.025817 1.000000
0 0.681078 0.500000 0.014158 1.000000
12 0.702700 0.500000 0.020404 1.000000
0 0.749993 0.500000 0.016240 1.000000
0 0.779558 0.500000 0.015407 1.000000
0 0.853677 0.500000 0.011243 1.000000
0 0.865545 0.500000 0.014990 1.000000
