0 0.007076 0.500000 0.014152 1.000000
0 0.066411 0.500000 0.015407 1.000000
6 0.094310 0.500000 0.015407 1.000000
0 0.124499 0.500000 0.015823 1.000000
0 0.181962 0.500000 0.011659 1.000000
6 0.194246 0.500000 0.015407 1.000000
0 0.308323 0.500000 0.017905 1.000000
0 0.352878 0.500000 0.008744 1.000000
6 0.366827 0.500000 0.020820 1.000000
6 0.425155 0.500000 0.021237 1.000000
0 0.459268 0.500000 0.017489 1.000000
0 0.498410 0.500000 0.009994 1.000000
6 0.510486 0.500000 0.014990 1.000000
0 0.556707 0.500000 0.017489 1.000000
0 0.619167 0.500000 0.018322 1.000000
6 0.700534 0.500000 0.019987 1.000000
6 0.723019 0.500000 0.021653 1.000000
6 0.776735 0.500000 0.019155 1.000000
6 0.800616 0.500000 0.017072 1.000000
6 0.862722 0.500000 0.019571 1.000000
6 0.882648 0.500000 0.018738 1.000000
6 0.981605 0.500000 0.016656 1.000000
0 0.990496 0.500000 0.014574 1.000000
