1 0.193081 0.500000 0.156567 1.000000
0 0.297135 0.500000 0.021653 1.000000
0 0.373337 0.500000 0.025817 1.000000
0 0.408314 0.500000 0.024151 1.000000
0 0.462030 0.500000 0.026650 1.000000
0 0.535733 0.500000 0.025817 1.000000
0 0.630257 0.500000 0.026650 1.000000
0 0.708124 0.500000 0.027483 1.000000
0 0.763506 0.500000 0.023319 1.000000
0 0.792654 0.500000 0.021653 1.000000
0 0.858445 0.500000 0.023319 1.000000
0 0.893007 0.500000 0.027483 1.000000
0 0.943808 0.500000 0.020820 1.000000
0 0.984199 0.500000 0.023319 1.000000
