0 0.023826 0.631289 0.016656 0.712264
0 0.042148 0.502358 0.016656 0.960692
0 0.058804 0.575472 0.019987 0.811321
0 0.100028 0.550314 0.020820 0.880503
0 0.160406 0.496069 0.019987 0.982704
0 0.200797 0.652516 0.019155 0.638365
0 0.223700 0.492925 0.021653 0.985849
0 0.299068 0.540094 0.019155 0.875786
0 0.334463 0.683176 0.021653 0.602201
0 0.419409 0.525943 0.018322 0.885220
0 0.440645 0.823113 0.017489 0.281447
0 0.564733 0.633648 0.017489 0.657233
0 0.584304 0.688679 0.018322 0.550314
12 0.617200 0.509434 0.020820 0.965409
0 0.683177 0.557390 0.024984 0.800314
0 0.720976 0.535377 0.019155 0.885220
0 0.740131 0.569969 0.020820 0.831761
0 0.865468 0.500786 0.026650 0.935535
0 0.990614 0.595912 0.018772 0.742138
