0 0.075391 0.500000 0.020820 1.000000
0 0.130356 0.500000 0.020820 1.000000
0 0.164085 0.500000 0.024984 1.000000
0 0.230709 0.500000 0.023319 1.000000
0 0.276513 0.500000 0.023319 1.000000
0 0.316904 0.500000 0.020820 1.000000
0 0.392135 0.500000 0.039142 1.000000
0 0.463339 0.500000 0.024984 1.000000
1 0.561796 0.500000 0.132416 1.000000
0 0.702771 0.500000 0.019155 1.000000
0 0.746493 0.500000 0.024984 1.000000
0 0.789382 0.500000 0.024151 1.000000
12 0.831023 0.500000 0.021653 1.000000
0 0.956360 0.500000 0.029981 1.000000
