0 0.001440 0.500000 0.002881 1.000000
0 0.066174 0.500000 0.026650 1.000000
0 0.114893 0.500000 0.015823 1.000000
12 0.130716 0.500000 0.015823 1.000000
0 0.145707 0.500000 0.015823 1.000000
0 0.173189 0.500000 0.020820 1.000000
0 0.241896 0.500000 0.019987 1.000000
0 0.269378 0.500000 0.019987 1.000000
0 0.305605 0.500000 0.019155 1.000000
0 0.375977 0.500000 0.024984 1.000000
12 0.441769 0.500000 0.016656 1.000000
0 0.454677 0.500000 0.012492 1.000000
0 0.470917 0.500000 0.018322 1.000000
0 0.514223 0.500000 0.019987 1.000000
0 0.569188 0.500000 0.016656 1.000000
12 0.595005 0.500000 0.014990 1.000000
12 0.662879 0.500000 0.017489 1.000000
0 0.717427 0.500000 0.011659 1.000000
0 0.730336 0.500000 0.015823 1.000000
0 0.797793 0.500000 0.020820 1.000000
0 0.855673 0.500000 0.018322 1.000000
0 0.898979 0.500000 0.016656 1.000000
0 0.916051 0.500000 0.015823 1.000000
12 0.954360 0.500000 0.022486 1.000000
