0 0.010130 0.511848 0.020260 0.941548
0 0.042329 0.504739 0.025817 0.962085
0 0.086884 0.582938 0.028315 0.805687
0 0.153925 0.493681 0.024151 0.962085
0 0.234707 0.496840 0.024151 0.981043
0 0.269268 0.492891 0.024984 0.979463
0 0.327148 0.493681 0.029148 0.981043
0 0.379199 0.496051 0.026650 0.982622
0 0.422921 0.495261 0.024151 0.987362
0 0.478442 0.496840 0.026650 0.987362
0 0.539236 0.606635 0.028315 0.751975
0 0.579211 0.601106 0.026650 0.763033
0 0.630012 0.601896 0.024984 0.748815
0 0.703299 0.606635 0.024984 0.748815
0 0.755765 0.635861 0.026650 0.661927
0 0.816560 0.603476 0.026650 0.736177
0 0.896509 0.731438 0.023319 0.454976
