0 0.007990 0.500000 0.015979 1.000000
0 0.036383 0.500000 0.019155 1.000000
0 0.066364 0.500000 0.022486 1.000000
0 0.104257 0.500000 0.019987 1.000000
0 0.145481 0.500000 0.022486 1.000000
0 0.185872 0.500000 0.026650 1.000000
0 0.210902 0.500000 0.011659 1.000000
0 0.225893 0.500000 0.018322 1.000000
0 0.264202 0.500000 0.014990 1.000000
0 0.292517 0.500000 0.013325 1.000000
0 0.312505 0.500000 0.018322 1.000000
0 0.357060 0.500000 0.014158 1.000000
0 0.402031 0.500000 0.022486 1.000000
0 0.432429 0.500000 0.013325 1.000000
0 0.447419 0.500000 0.021653 1.000000
0 0.480315 0.500000 0.019155 1.000000
0 0.503633 0.500000 0.022486 1.000000
0 0.536113 0.500000 0.015823 1.000000
0 0.554851 0.500000 0.019987 1.000000
0 0.584415 0.500000 0.017489 1.000000
0 0.608567 0.500000 0.019155 1.000000
0 0.663115 0.500000 0.024984 1.000000
0 0.698510 0.500000 0.017489 1.000000
0 0.731405 0.500000 0.018322 1.000000
12 0.757870 0.500000 0.019987 1.000000
12 0.835321 0.500000 0.019987 1.000000
0 0.902362 0.500000 0.017489 1.000000
0 0.926097 0.500000 0.023319 1.000000
