0 0.077408 0.500000 0.021653 1.000000
0 0.179843 0.500000 0.014990 1.000000
12 0.208760 0.500000 0.020820 1.000000
0 0.278947 0.500000 0.018322 1.000000
0 0.330581 0.500000 0.018322 1.000000
0 0.370972 0.500000 0.020820 1.000000
0 0.533369 0.500000 0.020820 1.000000
0 0.622479 0.500000 0.019155 1.000000
0 0.725331 0.500000 0.018322 1.000000
0 0.816106 0.500000 0.018322 1.000000
0 0.845254 0.500000 0.019987 1.000000
0 0.871071 0.500000 0.019987 1.000000
0 0.894806 0.500000 0.017489 1.000000
0 0.908964 0.500000 0.015823 1.000000
0 0.927286 0.500000 0.024151 1.000000
0 0.951853 0.500000 0.018322 1.000000
0 0.980585 0.500000 0.020820 1.000000
0 0.999245 0.500000 0.001509 1.000000
