0 0.054214 0.500000 0.025817 1.000000
0 0.149570 0.500000 0.028315 1.000000
0 0.241179 0.500000 0.023319 1.000000
0 0.278239 0.500000 0.022486 1.000000
0 0.317797 0.500000 0.021653 1.000000
0 0.393999 0.500000 0.022486 1.000000
0 0.447298 0.500000 0.025817 1.000000
0 0.478529 0.500000 0.019987 1.000000
0 0.520585 0.500000 0.020820 1.000000
0 0.565140 0.500000 0.024984 1.000000
0 0.646755 0.500000 0.021653 1.000000
0 0.727630 0.500000 0.013325 1.000000
12 0.740909 0.500000 0.016656 1.000000
0 0.770520 0.500000 0.019155 1.000000
0 0.842141 0.500000 0.014158 1.000000
0 0.896273 0.500000 0.027483 1.000000
