0 0.011635 0.500000 0.017083 1.000000
0 0.050809 0.500000 0.016494 1.000000
0 0.088182 0.500000 0.017672 1.000000
0 0.147090 0.500000 0.017672 1.000000
0 0.183318 0.500000 0.015905 1.000000
0 0.256070 0.500000 0.015316 1.000000
0 0.327937 0.500000 0.016494 1.000000
0 0.376537 0.500000 0.015905 1.000000
0 0.416594 0.500000 0.014727 1.000000
0 0.461364 0.500000 0.014727 1.000000
0 0.548253 0.500000 0.023563 1.000000
0 0.643095 0.500000 0.018851 1.000000
0 0.727094 0.500000 0.020618 1.000000
0 0.812510 0.500000 0.025330 1.000000
0 0.912654 0.500000 0.024152 1.000000
