12 0.017289 0.565252 0.019155 0.822327
0 0.036027 0.598270 0.016656 0.756289
0 0.094323 0.585692 0.021653 0.734277
0 0.168443 0.542453 0.018322 0.817610
0 0.251723 0.536950 0.019987 0.882075
0 0.317931 0.503931 0.020820 0.926101
0 0.380392 0.508648 0.022486 0.938679
0 0.428649 0.658019 0.015823 0.608491
0 0.444888 0.494497 0.018322 0.973270
0 0.507349 0.494497 0.019987 0.979560
0 0.541910 0.533019 0.017489 0.899371
0 0.567311 0.498428 0.018322 0.981132
0 0.593960 0.647013 0.021653 0.665094
0 0.623109 0.491352 0.024984 0.976415
0 0.653506 0.588836 0.022486 0.781447
0 0.685569 0.493711 0.021653 0.984277
0 0.714301 0.641509 0.022486 0.691824
0 0.752610 0.487421 0.024151 0.971698
0 0.788976 0.589623 0.021653 0.773585
0 0.818540 0.564465 0.014158 0.811321
0 0.835613 0.604560 0.018322 0.740566
0 0.878918 0.512579 0.019987 0.930818
0 0.902237 0.594340 0.019987 0.783019
0 0.935549 0.491352 0.021653 0.963836
0 0.988432 0.544811 0.020820 0.869497
