0 0.002588 0.500000 0.005177 1.000000
0 0.033492 0.500000 0.021653 1.000000
0 0.067221 0.500000 0.020820 1.000000
0 0.097202 0.500000 0.020820 1.000000
0 0.199637 0.500000 0.020820 1.000000
0 0.232949 0.500000 0.022486 1.000000
0 0.256684 0.500000 0.018322 1.000000
0 0.275838 0.500000 0.023319 1.000000
0 0.320810 0.500000 0.021653 1.000000
0 0.394513 0.500000 0.027483 1.000000
0 0.542660 0.500000 0.022486 1.000000
0 0.574723 0.500000 0.028315 1.000000
0 0.751278 0.500000 0.028315 1.000000
0 0.792085 0.500000 0.018322 1.000000
0 0.818735 0.500000 0.019987 1.000000
0 0.845384 0.500000 0.019987 1.000000
0 0.874533 0.500000 0.019987 1.000000
0 0.899517 0.500000 0.019987 1.000000
0 0.926583 0.500000 0.015823 1.000000
0 0.966974 0.500000 0.021653 1.000000
0 0.998894 0.500000 0.002212 1.000000
