0 0.066937 0.500000 0.022487 1.000000
0 0.095254 0.500000 0.025818 1.000000
0 0.121905 0.500000 0.017490 1.000000
0 0.141477 0.500000 0.021654 1.000000
0 0.181871 0.500000 0.020821 1.000000
0 0.214352 0.500000 0.024153 1.000000
0 0.242252 0.500000 0.021654 1.000000
0 0.262241 0.500000 0.019988 1.000000
1 0.301893 0.500000 0.073291 1.000000
0 0.310546 0.500000 0.018323 1.000000
0 0.390499 0.500000 0.024985 1.000000
0 0.417567 0.500000 0.022487 1.000000
0 0.496966 0.500000 0.015824 1.000000
0 0.525699 0.500000 0.018323 1.000000
