0 0.008131 0.500000 0.016262 1.000000
0 0.026672 0.500000 0.020820 1.000000
0 0.053322 0.500000 0.020820 1.000000
0 0.109536 0.500000 0.021653 1.000000
0 0.266103 0.500000 0.018322 1.000000
0 0.343554 0.500000 0.021653 1.000000
0 0.414852 0.500000 0.022486 1.000000
0 0.476896 0.500000 0.021653 1.000000
0 0.517287 0.500000 0.022486 1.000000
0 0.558094 0.500000 0.022486 1.000000
0 0.594321 0.500000 0.023319 1.000000
0 0.633047 0.500000 0.019155 1.000000
0 0.720908 0.500000 0.023319 1.000000
0 0.752138 0.500000 0.015823 1.000000
0 0.767128 0.500000 0.017489 1.000000
0 0.881223 0.500000 0.022486 1.000000
0 0.928276 0.500000 0.019987 1.000000
0 0.951178 0.500000 0.022486 1.000000
