1 0.069477 0.500000 0.078288 1.000000
0 0.252843 0.500000 0.023320 1.000000
0 0.460222 0.500000 0.021654 1.000000
0 0.581402 0.500000 0.020821 1.000000
0 0.613050 0.500000 0.020821 1.000000
0 0.638868 0.500000 0.024153 1.000000
0 0.665520 0.500000 0.027484 1.000000
0 0.692587 0.500000 0.024985 1.000000
0 0.716740 0.500000 0.024985 1.000000
0 0.737977 0.500000 0.015824 1.000000
0 0.752136 0.500000 0.014158 1.000000
0 0.766294 0.500000 0.015824 1.000000
0 0.795860 0.500000 0.023320 1.000000
0 0.828342 0.500000 0.016657 1.000000
