0 0.007638 0.500000 0.015277 1.000000
0 0.063579 0.500000 0.019987 1.000000
0 0.089396 0.500000 0.018322 1.000000
0 0.129787 0.500000 0.025817 1.000000
0 0.163932 0.500000 0.024151 1.000000
0 0.203074 0.500000 0.022486 1.000000
0 0.411275 0.500000 0.024151 1.000000
0 0.463742 0.500000 0.029148 1.000000
0 0.640251 0.500000 0.019155 1.000000
0 0.656907 0.500000 0.017489 1.000000
0 0.692301 0.500000 0.018322 1.000000
0 0.756843 0.500000 0.019155 1.000000
0 0.803064 0.500000 0.021653 1.000000
0 0.887177 0.500000 0.024984 1.000000
0 0.940060 0.500000 0.025817 1.000000
0 0.997305 0.500000 0.005391 1.000000
