0 0.028076 0.638840 0.018205 0.662566
0 0.050114 0.674868 0.017247 0.576450
0 0.107603 0.589631 0.015330 0.718805
0 0.127724 0.669596 0.016289 0.608084
0 0.152875 0.761863 0.010061 0.413005
0 0.164852 0.487698 0.013893 0.954306
0 0.184734 0.608084 0.015330 0.706503
0 0.303305 0.490334 0.016768 0.973638
0 0.350973 0.613357 0.013414 0.717047
0 0.362231 0.491213 0.011977 0.968366
0 0.379957 0.493849 0.018684 0.977153
0 0.412773 0.499121 0.016289 0.959578
0 0.427624 0.495606 0.014372 0.956063
0 0.456608 0.596661 0.019642 0.753954
1 0.503797 0.417399 0.074736 0.834798
0 0.601529 0.526362 0.016289 0.922671
0 0.710997 0.505272 0.018684 0.929701
0 0.739023 0.586116 0.015330 0.778559
0 0.757467 0.618629 0.016768 0.717047
0 0.813279 0.485062 0.019163 0.963093
0 0.878913 0.478032 0.018205 0.934974
0 0.943108 0.654657 0.014372 0.630931
0 0.978320 0.644112 0.018684 0.641476
