0 0.087405 0.590510 0.018684 0.769772
0 0.116868 0.588752 0.014372 0.724077
0 0.160463 0.600176 0.014372 0.722320
0 0.186573 0.528120 0.015809 0.873462
0 0.231846 0.868190 0.013414 0.126538
0 0.392575 0.548330 0.018684 0.850615
0 0.521438 0.485940 0.016289 0.954306
0 0.556411 0.505272 0.016289 0.936731
0 0.579406 0.507909 0.010540 0.892794
0 0.591862 0.478032 0.015330 0.938489
0 0.641926 0.519332 0.015809 0.827768
0 0.662526 0.644112 0.016768 0.634446
0 0.724087 0.652900 0.019163 0.637961
0 0.848406 0.620387 0.018684 0.688928
0 0.887691 0.604569 0.018684 0.695958
0 0.970803 0.495606 0.014851 0.945518
