0 0.007513 0.550967 0.015025 0.838313
0 0.041369 0.576450 0.014369 0.790861
0 0.057655 0.578207 0.018201 0.787346
0 0.081604 0.528998 0.023949 0.875220
0 0.115133 0.571177 0.023949 0.787346
0 0.157283 0.572056 0.022033 0.789104
0 0.196081 0.608963 0.024907 0.701230
0 0.241334 0.572935 0.025865 0.752197
0 0.261979 0.509666 0.018201 0.892794
0 0.286408 0.530756 0.013412 0.843585
0 0.302693 0.568541 0.015327 0.768014
0 0.316583 0.504394 0.012454 0.906854
0 0.330953 0.629174 0.018201 0.664323
0 0.383641 0.525483 0.018201 0.847100
0 0.405195 0.485940 0.021075 0.940246
0 0.438245 0.561511 0.016285 0.760984
0 0.472253 0.543937 0.017243 0.817223
0 0.505303 0.535149 0.014369 0.820738
0 0.519193 0.860281 0.011496 0.170475
0 0.530210 0.528119 0.014369 0.827768
0 0.544100 0.601054 0.015327 0.678383
0 0.573318 0.547452 0.018201 0.796134
0 0.610200 0.576450 0.021075 0.745167
0 0.652830 0.528120 0.018201 0.834798
0 0.671510 0.528120 0.017243 0.841828
0 0.705039 0.523726 0.022991 0.861160
0 0.750063 0.602812 0.019159 0.692443
0 0.784071 0.493849 0.018201 0.917399
0 0.805146 0.602812 0.018201 0.702988
0 0.831490 0.581722 0.021075 0.748682
0 0.893525 0.540422 0.017243 0.820738
0 0.908374 0.536907 0.012454 0.817223
0 0.979263 0.518453 0.018201 0.892794
7 0.996626 0.501757 0.006748 0.940246
