7 0.006685 0.501757 0.013370 0.940246
0 0.033867 0.505272 0.022033 0.908612
0 0.061648 0.557996 0.025865 0.803163
0 0.098530 0.592267 0.024907 0.731107
7 0.127269 0.500879 0.022991 0.924429
0 0.216360 0.615993 0.022991 0.627417
0 0.261384 0.602812 0.024907 0.738137
7 0.320778 0.604569 0.019159 0.748682
0 0.339459 0.601054 0.016285 0.646749
4 0.397282 0.574692 0.032571 0.544815
0 0.423281 0.623023 0.021075 0.652021
4 0.487809 0.580844 0.043108 0.550088
0 0.521240 0.620387 0.016285 0.664323
7 0.536567 0.621265 0.012454 0.585237
0 0.573449 0.608084 0.022991 0.657293
0 0.646255 0.608084 0.022991 0.667838
4 0.678445 0.574692 0.035445 0.565905
0 0.779891 0.533392 0.020117 0.887522
4 0.829324 0.552724 0.032571 0.553603
0 0.889578 0.500000 0.021075 0.940246
0 0.928855 0.502636 0.022991 0.942003
4 0.986989 0.548330 0.026023 0.555360
