0 0.018502 0.609842 0.019159 0.695958
7 0.041014 0.492091 0.022033 0.973638
0 0.071190 0.541301 0.022991 0.836555
0 0.107593 0.507030 0.021075 0.954306
0 0.151659 0.635325 0.024907 0.666081
0 0.204347 0.623902 0.024907 0.699473
0 0.240750 0.624780 0.030655 0.687170
0 0.273764 0.631810 0.027781 0.676626
0 0.295797 0.622144 0.014369 0.678383
0 0.314477 0.626538 0.021075 0.666081
0 0.345611 0.622144 0.022033 0.685413
0 0.373392 0.620387 0.010538 0.667838
0 0.386325 0.623023 0.013412 0.669596
0 0.427996 0.603691 0.020117 0.652021
0 0.469668 0.597540 0.021075 0.650264
0 0.512297 0.598418 0.020117 0.687170
7 0.528583 0.497364 0.012454 0.959578
0 0.556843 0.544815 0.013412 0.850615
0 0.570254 0.544815 0.015327 0.850615
0 0.603783 0.560633 0.021075 0.818981
0 0.654076 0.653779 0.020117 0.604569
4 0.701000 0.556239 0.023949 0.532513
0 0.736940 0.584359 0.017243 0.771529
4 0.783864 0.544815 0.028739 0.544815
0 0.809267 0.608963 0.022033 0.708260
0 0.860997 0.630053 0.020117 0.655536
0 0.916559 0.634446 0.018201 0.678383
0 0.935718 0.634446 0.016285 0.674868
7 0.950088 0.634446 0.016285 0.667838
0 0.966373 0.636204 0.018201 0.667838
0 0.996838 0.621265 0.006325 0.673111
