0 0.007782 0.610721 0.015564 0.718805
0 0.124773 0.597540 0.024907 0.688928
0 0.208559 0.593146 0.020117 0.722320
4 0.234474 0.526362 0.026823 0.585237
0 0.308667 0.553603 0.022991 0.808436
0 0.331179 0.551845 0.023949 0.811951
4 0.361404 0.537786 0.027781 0.590510
0 0.381472 0.524605 0.019159 0.887522
0 0.412109 0.525483 0.022991 0.885765
0 0.529460 0.528998 0.029697 0.857645
0 0.574963 0.583480 0.017243 0.745167
0 0.630525 0.588752 0.021075 0.738137
0 0.672197 0.550088 0.018201 0.818981
0 0.711474 0.586116 0.022033 0.746924
7 0.756498 0.485940 0.023949 0.940246
0 0.807270 0.569420 0.020117 0.783831
7 0.827388 0.486819 0.020117 0.959578
0 0.860916 0.586995 0.022033 0.755712
0 0.983536 0.536907 0.020117 0.869947
