0 0.003643 0.619508 0.007286 0.616872
0 0.058691 0.544815 0.014903 0.857645
0 0.126431 0.632689 0.010838 0.569420
0 0.209750 0.521090 0.017612 0.912127
0 0.254120 0.596661 0.016935 0.673111
0 0.312714 0.554482 0.018967 0.831283
0 0.336762 0.626538 0.015580 0.648506
0 0.411953 0.595782 0.018290 0.643234
0 0.490869 0.507030 0.018967 0.905097
0 0.535916 0.603691 0.015580 0.704745
0 0.558947 0.514060 0.019644 0.884007
0 0.652428 0.601933 0.018290 0.704745
0 0.780847 0.591388 0.011516 0.644991
0 0.822168 0.528120 0.015580 0.876977
0 0.946809 0.596661 0.016935 0.718805
