0 0.011438 0.585237 0.019645 0.783831
0 0.034809 0.569420 0.021677 0.826011
0 0.069695 0.521090 0.026419 0.912127
0 0.151910 0.504394 0.018290 0.959578
0 0.168506 0.581722 0.013548 0.790861
0 0.201699 0.512302 0.021677 0.926186
0 0.246068 0.575571 0.019645 0.820738
0 0.339211 0.550088 0.023032 0.808436
0 0.445562 0.556239 0.014903 0.838313
0 0.461481 0.528998 0.019645 0.885765
0 0.552930 0.559754 0.023709 0.806678
0 0.586122 0.496485 0.020999 0.982425
0 0.641669 0.577329 0.022354 0.792619
0 0.682990 0.584359 0.018290 0.775044
0 0.710086 0.597540 0.019645 0.766257
1 0.769249 0.421793 0.099578 0.822496
1 0.881358 0.422671 0.123286 0.820738
0 0.961969 0.506151 0.016258 0.949033
