8 0.019311 0.687170 0.018290 0.579965
0 0.035929 0.497525 0.017612 0.960396
0 0.054896 0.544554 0.016258 0.856436
0 0.120604 0.533416 0.018967 0.844059
8 0.212391 0.654703 0.014225 0.611386
0 0.227294 0.649752 0.015580 0.655941
0 0.246939 0.504950 0.016935 0.945545
0 0.538962 0.603960 0.015580 0.752475
0 0.558268 0.654703 0.017612 0.631188
0 0.656829 0.514852 0.022354 0.920792
0 0.729988 0.576733 0.023709 0.821782
0 0.791970 0.597772 0.024386 0.745050
0 0.912547 0.524752 0.018967 0.920792
0 0.933885 0.534653 0.019645 0.876238
0 0.998611 0.610148 0.002778 0.750000
