0 0.057818 0.637376 0.018290 0.690594
0 0.165448 0.581683 0.023709 0.742574
0 0.209140 0.558168 0.020322 0.750000
0 0.311766 0.580446 0.015580 0.809406
0 0.373409 0.558168 0.016935 0.849010
0 0.437423 0.561881 0.014903 0.777228
8 0.455035 0.602723 0.017612 0.730198
0 0.470954 0.521040 0.016935 0.898515
8 0.529888 0.613861 0.022354 0.688119
0 0.569177 0.493812 0.019645 0.962871
0 0.659610 0.511139 0.020322 0.943069
0 0.717188 0.565594 0.020322 0.794554
0 0.780864 0.597772 0.025741 0.740099
0 0.840136 0.513614 0.025064 0.923267
0 0.995297 0.616337 0.009406 0.693069
