0 0.002056 0.653779 0.004111 0.622144
0 0.010208 0.490334 0.012193 0.949033
0 0.044481 0.492970 0.016935 0.964851
0 0.075303 0.498243 0.016258 0.968366
0 0.105786 0.507030 0.017612 0.954306
0 0.149817 0.498243 0.014903 0.936731
0 0.162961 0.862917 0.012871 0.080844
0 0.192493 0.503515 0.016258 0.940246
0 0.247362 0.502636 0.016258 0.963093
0 0.290038 0.499121 0.020322 0.952548
8 0.316118 0.788225 0.011516 0.367311
8 0.376406 0.804042 0.014225 0.325132
0 0.393680 0.533392 0.017612 0.880492
8 0.427889 0.751318 0.014225 0.434095
0 0.444824 0.496485 0.018290 0.950791
8 0.475645 0.767135 0.012193 0.402460
0 0.524757 0.501757 0.019645 0.947276
0 0.608077 0.608084 0.014225 0.724077
0 0.623995 0.514938 0.016258 0.899824
0 0.663962 0.630053 0.023032 0.694200
0 0.740704 0.593146 0.020999 0.764499
0 0.769155 0.588752 0.016935 0.766257
0 0.812847 0.580844 0.016258 0.792619
0 0.893883 0.545694 0.018290 0.876977
0 0.914543 0.607206 0.018967 0.750439
0 0.993174 0.628295 0.013652 0.644991
