10 0.071153 0.419431 0.142305 0.763033
0 0.183930 0.597156 0.018847 0.672986
0 0.243417 0.590047 0.020025 0.677725
0 0.269331 0.617694 0.018847 0.606635
11 0.313440 0.605845 0.061842 0.605055
0 0.352401 0.612164 0.014135 0.649289
11 0.407971 0.638231 0.094236 0.590837
11 0.489249 0.629542 0.056541 0.579779
0 0.523409 0.646919 0.015313 0.582938
0 0.561104 0.632701 0.020025 0.611374
0 0.598503 0.610585 0.015902 0.655608
0 0.666530 0.610585 0.015313 0.639810
0 0.739268 0.639810 0.015902 0.587678
0 0.810534 0.657188 0.013546 0.559242
0 0.918459 0.652449 0.016491 0.593997
