0 0.005980 0.663507 0.011961 0.521327
0 0.080871 0.675355 0.008835 0.472354
0 0.198091 0.703002 0.012368 0.477093
0 0.282093 0.685624 0.010454 0.492891
0 0.346286 0.635861 0.016867 0.608215
0 0.400739 0.647709 0.013327 0.568720
0 0.474870 0.662717 0.013327 0.538705
0 0.524128 0.637441 0.013327 0.573460
0 0.563153 0.641390 0.010412 0.581359
0 0.630516 0.632701 0.009787 0.582938
0 0.687260 0.620063 0.011661 0.614534
13 0.729750 0.621643 0.021448 0.624013
0 0.825205 0.708531 0.013952 0.462875
0 0.976486 0.710900 0.013327 0.470774
