0 0.042990 0.687204 0.009999 0.581359
0 0.057780 0.666667 0.017082 0.635071
1 0.083611 0.601896 0.061244 0.518167
0 0.246003 0.785150 0.015832 0.360190
0 0.260793 0.729068 0.014582 0.516588
1 0.322453 0.665087 0.110406 0.296998
0 0.390572 0.706161 0.009999 0.533965
0 0.402237 0.718009 0.013332 0.535545
1 0.477992 0.613744 0.115822 0.516588
0 0.569024 0.712480 0.022914 0.537125
0 0.628810 0.651659 0.014999 0.642970
0 0.645892 0.651659 0.014165 0.652449
0 0.689638 0.605845 0.018332 0.721959
0 0.817856 0.773302 0.021248 0.412322
1 0.921180 0.662717 0.108739 0.317536
8 0.878267 0.903633 0.014582 0.157978
0 0.895140 0.881517 0.015832 0.167457
12 0.992566 0.698262 0.014868 0.442338
