0 0.044749 0.570379 0.029565 0.815699
0 0.177164 0.568202 0.030397 0.820053
0 0.247953 0.571105 0.027899 0.822956
0 0.335189 0.568202 0.032479 0.828762
0 0.403479 0.563848 0.030814 0.820053
0 0.478432 0.564573 0.025817 0.815699
0 0.535315 0.566751 0.028732 0.822956
0 0.595069 0.568202 0.026650 0.814248
0 0.656488 0.566025 0.024568 0.821505
0 0.704791 0.566025 0.027066 0.818602
0 0.754134 0.564573 0.023319 0.818602
0 0.822633 0.568202 0.027899 0.814248
0 0.874475 0.566025 0.023319 0.815699
0 0.931774 0.566751 0.026233 0.822956
0 0.986948 0.568202 0.024984 0.828762
