0 0.041668 0.566025 0.015823 0.792476
0 0.132852 0.568928 0.020820 0.830213
0 0.189690 0.563848 0.017905 0.814248
0 0.280883 0.565299 0.021237 0.811345
0 0.331059 0.564573 0.019987 0.821505
0 0.381444 0.569653 0.017489 0.822956
0 0.432453 0.566025 0.018738 0.821505
0 0.489252 0.570379 0.021237 0.821505
0 0.548589 0.565299 0.020820 0.820053
0 0.605012 0.563122 0.020404 0.809893
0 0.654980 0.568928 0.019571 0.815699
0 0.704324 0.566751 0.020820 0.814248
0 0.753459 0.568928 0.020820 0.818602
0 0.803011 0.566025 0.022486 0.827310
0 0.858393 0.566025 0.021653 0.815699
0 0.915484 0.565299 0.024151 0.808442
0 0.977320 0.569653 0.026233 0.817150
