0 0.003108 0.638231 0.006217 0.641390
0 0.044942 0.640600 0.019155 0.652449
8 0.064236 0.744076 0.020820 0.439179
0 0.098658 0.632701 0.014990 0.642970
0 0.114898 0.636651 0.015823 0.647709
0 0.171621 0.670616 0.023319 0.586098
0 0.247406 0.670616 0.024984 0.563981
0 0.356087 0.672196 0.019155 0.598736
0 0.413551 0.755924 0.019155 0.371248
0 0.444781 0.485782 0.019987 0.943128
0 0.476428 0.597156 0.019987 0.758294
0 0.523481 0.713270 0.017489 0.459716
0 0.550131 0.656398 0.024151 0.620853
0 0.598017 0.604265 0.024984 0.709321
8 0.680095 0.725118 0.021653 0.480253
8 0.764625 0.868878 0.020820 0.123223
8 0.918694 0.738547 0.015823 0.462875
0 0.937108 0.597156 0.021653 0.647709
