0 0.047057 0.611374 0.021653 0.647709
0 0.078704 0.520537 0.014990 0.870458
8 0.090224 0.864929 0.017489 0.175355
8 0.225555 0.728278 0.019987 0.442338
0 0.249012 0.539494 0.022486 0.842022
0 0.462812 0.621643 0.025817 0.677725
0 0.514862 0.638231 0.026650 0.660348
0 0.570660 0.672986 0.013325 0.612954
0 0.585650 0.672196 0.018322 0.605055
0 0.647694 0.608215 0.014158 0.736177
0 0.664767 0.611374 0.018322 0.729858
0 0.685171 0.594787 0.020820 0.753555
0 0.719316 0.571880 0.012492 0.799368
0 0.732641 0.575829 0.014158 0.794629
0 0.746798 0.579779 0.010826 0.783570
0 0.759707 0.582938 0.016656 0.783570
0 0.805095 0.515008 0.022486 0.928910
0 0.856728 0.556872 0.022486 0.842022
0 0.900867 0.542654 0.020820 0.870458
0 0.954583 0.593207 0.019987 0.750395
0 0.982066 0.637441 0.014990 0.646130
0 0.994780 0.638231 0.010439 0.641390
