0 0.007076 0.680885 0.014152 0.600316
0 0.066411 0.680885 0.015407 0.581359
6 0.094310 0.593207 0.015407 0.766193
0 0.124499 0.649289 0.015823 0.663507
0 0.181962 0.648499 0.011659 0.658768
6 0.194246 0.593207 0.015407 0.756714
0 0.308323 0.603476 0.017905 0.745656
0 0.352878 0.689573 0.008744 0.560821
6 0.366827 0.488942 0.020820 0.968404
6 0.425155 0.664297 0.021237 0.633491
0 0.459268 0.599526 0.017489 0.734597
0 0.498410 0.605055 0.009994 0.733017
6 0.510486 0.497630 0.014990 0.947867
0 0.556707 0.610585 0.017489 0.687204
0 0.619167 0.654818 0.018322 0.592417
6 0.700534 0.725118 0.019987 0.480253
6 0.723019 0.652449 0.021653 0.663507
6 0.776735 0.669036 0.019155 0.595577
6 0.800616 0.490521 0.017072 0.962085
6 0.862722 0.627962 0.019571 0.658768
6 0.882648 0.490521 0.018738 0.971564
6 0.981605 0.685624 0.016656 0.600316
0 0.990496 0.576619 0.014574 0.660348
