0 0.011635 0.496051 0.017083 0.969984
0 0.050809 0.636651 0.016494 0.625592
0 0.088182 0.604265 0.017672 0.759874
0 0.147090 0.586888 0.017672 0.797788
0 0.183318 0.584518 0.015905 0.793049
0 0.256070 0.597156 0.015316 0.783570
0 0.327937 0.587678 0.016494 0.808847
0 0.376537 0.590047 0.015905 0.785150
0 0.416594 0.504739 0.014727 0.971564
0 0.461364 0.578989 0.014727 0.791469
0 0.548253 0.582938 0.023563 0.774092
0 0.643095 0.563191 0.018851 0.813586
0 0.727094 0.531596 0.020618 0.876777
0 0.812510 0.538705 0.025330 0.837283
0 0.912654 0.524487 0.024152 0.862559
