0 0.008131 0.841232 0.016262 0.235387
0 0.026672 0.833333 0.020820 0.257504
0 0.053322 0.812796 0.020820 0.304897
0 0.109536 0.775671 0.021653 0.372828
0 0.266103 0.832543 0.018322 0.262243
0 0.343554 0.680095 0.021653 0.563981
0 0.414852 0.847551 0.022486 0.229068
0 0.476896 0.849131 0.021653 0.222749
0 0.517287 0.796998 0.022486 0.342812
0 0.558094 0.673776 0.022486 0.576619
0 0.594321 0.672196 0.023319 0.592417
0 0.633047 0.852291 0.019155 0.216430
0 0.720908 0.864139 0.023319 0.183254
0 0.752138 0.855450 0.015823 0.206951
0 0.767128 0.846761 0.017489 0.233807
0 0.881223 0.857030 0.022486 0.184834
0 0.928276 0.852291 0.019987 0.206951
0 0.951178 0.838073 0.022486 0.251185
