0 0.047907 0.598418 0.019163 0.768014
0 0.088629 0.602812 0.023954 0.766257
0 0.371761 0.593146 0.022996 0.718805
0 0.402901 0.581722 0.022037 0.727592
0 0.430688 0.592267 0.014372 0.748682
0 0.447934 0.616872 0.014372 0.615114
0 0.475157 0.644112 0.011019 0.652021
0 0.491445 0.569420 0.013893 0.822496
0 0.507255 0.630931 0.016768 0.685413
0 0.555881 0.572935 0.010540 0.804921
0 0.566899 0.621265 0.011498 0.708260
0 0.604267 0.597540 0.013414 0.752197
0 0.653851 0.567663 0.013893 0.773286
0 0.694573 0.841828 0.011019 0.207381
0 0.725233 0.566784 0.011019 0.789104
0 0.784159 0.788225 0.012935 0.318102
0 0.848116 0.802285 0.012456 0.325132
0 0.888837 0.501757 0.013414 0.954306
0 0.935547 0.488576 0.021558 0.973638
0 0.990162 0.488576 0.016768 0.966608
