0 0.028153 0.685413 0.015328 0.544815
0 0.160346 0.611599 0.015807 0.692443
0 0.291827 0.618629 0.014370 0.695958
0 0.415644 0.492091 0.017722 0.980668
0 0.477913 0.674868 0.015807 0.576450
0 0.493959 0.494728 0.016285 0.985940
0 0.558586 0.492091 0.013412 0.984183
0 0.579901 0.687170 0.014849 0.601054
0 0.613670 0.523726 0.015328 0.906854
0 0.630674 0.608963 0.012933 0.729350
0 0.650312 0.520211 0.013891 0.917399
0 0.721920 0.625659 0.017243 0.692443
0 0.838314 0.492091 0.014370 0.938489
0 0.972824 0.613357 0.012933 0.717047
