0 0.008333 0.621265 0.016667 0.673111
4 0.031498 0.567663 0.027781 0.558875
0 0.054588 0.509666 0.016285 0.913884
0 0.098654 0.501757 0.016285 0.922671
0 0.145115 0.518453 0.019159 0.885765
0 0.213131 0.509666 0.021075 0.913884
0 0.261987 0.596661 0.013412 0.746924
4 0.272440 0.503515 0.020117 0.630931
0 0.291205 0.521968 0.014369 0.896309
0 0.335272 0.507909 0.020117 0.924429
4 0.368716 0.548330 0.028739 0.590510
0 0.395623 0.518453 0.025865 0.889279
0 0.459807 0.491213 0.022033 0.947276
0 0.497168 0.485940 0.020117 0.964851
0 0.536923 0.485940 0.024907 0.961336
0 0.595838 0.484183 0.023949 0.961336
0 0.660085 0.612478 0.023949 0.697715
0 0.697924 0.612478 0.019159 0.701230
0 0.730495 0.610721 0.024907 0.694200
0 0.759234 0.615993 0.019159 0.701230
0 0.796116 0.618629 0.018201 0.699473
0 0.886165 0.608963 0.018201 0.711775
0 0.920173 0.611599 0.019159 0.706503
0 0.981961 0.605448 0.022033 0.718805
