0 0.053147 0.491213 0.019160 0.971881
0 0.109191 0.487698 0.018202 0.971881
0 0.153260 0.660808 0.022034 0.618629
0 0.189665 0.641476 0.018202 0.667838
0 0.220321 0.630931 0.016286 0.688928
0 0.296829 0.644991 0.020118 0.671353
0 0.400295 0.634446 0.016286 0.688928
0 0.499450 0.496485 0.019160 0.971880
0 0.610101 0.637083 0.020118 0.683656
0 0.682198 0.689807 0.015328 0.567663
0 0.704232 0.749561 0.015328 0.451670
0 0.745427 0.681019 0.015328 0.574692
0 0.896794 0.603691 0.017244 0.739895
0 0.949006 0.615993 0.012454 0.708260
