0 0.023958 0.824253 0.017244 0.295255
0 0.045993 0.498243 0.017244 0.950791
0 0.114970 0.501757 0.017244 0.950791
0 0.181552 0.527241 0.016286 0.892794
0 0.217478 0.649385 0.015328 0.673111
0 0.402653 0.579965 0.017244 0.797891
0 0.470672 0.599297 0.017244 0.773286
0 0.526716 0.579086 0.016286 0.796134
0 0.568869 0.695079 0.012454 0.543058
0 0.608148 0.663445 0.018202 0.620387
0 0.782507 0.488576 0.020118 0.973638
0 0.815080 0.758348 0.012454 0.441125
0 0.829450 0.492970 0.016286 0.971880
0 0.873040 0.578207 0.017244 0.811951
0 0.941538 0.574692 0.018202 0.811951
