0 0.046402 0.636204 0.018290 0.660808
8 0.214397 0.857645 0.015580 0.105448
0 0.346150 0.666960 0.016258 0.623902
0 0.461986 0.603691 0.014903 0.687170
0 0.506694 0.603691 0.017612 0.715290
8 0.605124 0.617750 0.018967 0.697715
8 0.635268 0.519332 0.015580 0.880492
0 0.671170 0.512302 0.016935 0.901582
0 0.701992 0.500000 0.017612 0.936731
0 0.729765 0.494728 0.016258 0.950791
0 0.761603 0.496485 0.017612 0.950791
0 0.813424 0.485940 0.015580 0.947276
0 0.844584 0.491213 0.015580 0.961336
0 0.858809 0.648506 0.012871 0.643234
0 0.886244 0.485940 0.014903 0.957821
0 0.921807 0.493849 0.015580 0.959578
0 0.960758 0.492091 0.013548 0.963093
0 0.987515 0.866432 0.012871 0.101933
0 0.996298 0.653779 0.007405 0.622144
