0 0.017854 0.523726 0.012871 0.899824
0 0.032418 0.532513 0.014903 0.903339
0 0.079159 0.599297 0.016258 0.762742
0 0.096094 0.599297 0.014903 0.762742
0 0.139108 0.579086 0.019645 0.799648
0 0.212945 0.579965 0.019645 0.790861
0 0.254943 0.577329 0.020999 0.792619
0 0.334438 0.576450 0.023032 0.776801
0 0.415387 0.528119 0.022354 0.894552
0 0.505481 0.537786 0.015580 0.871705
0 0.530545 0.574692 0.018290 0.808436
0 0.554931 0.528120 0.018290 0.898067
0 0.595914 0.519332 0.018967 0.898067
0 0.641300 0.535149 0.016258 0.869947
0 0.666702 0.585237 0.014225 0.776801
0 0.720894 0.581722 0.018290 0.762742
0 0.756457 0.614235 0.020322 0.711775
0 0.834019 0.514060 0.019645 0.915641
0 0.886615 0.525483 0.018290 0.885765
0 0.915066 0.530756 0.022354 0.885764
0 0.970274 0.514938 0.018967 0.889279
