0 0.009111 0.610148 0.018221 0.750000
0 0.094429 0.589109 0.015580 0.767327
0 0.179715 0.577970 0.020322 0.804455
0 0.267438 0.563119 0.018290 0.834158
0 0.330774 0.507426 0.016258 0.930693
0 0.349321 0.769802 0.023545 0.405941
8 0.381240 0.532178 0.026419 0.896040
0 0.434755 0.501238 0.018290 0.943069
0 0.487931 0.501238 0.018967 0.957921
8 0.512317 0.613861 0.025741 0.702970
0 0.573479 0.519802 0.018290 0.915842
0 0.614123 0.639852 0.020999 0.675743
0 0.656121 0.514851 0.025064 0.945545
0 0.708958 0.503713 0.027773 0.952970
0 0.746215 0.586634 0.018290 0.777228
0 0.784827 0.556931 0.016935 0.856436
0 0.803794 0.534653 0.019645 0.886139
0 0.922000 0.612624 0.020322 0.769802
