0 0.045780 0.517378 0.031648 0.921011
0 0.098040 0.514218 0.032064 0.930490
7 0.187061 0.822275 0.032481 0.238547
0 0.298130 0.525276 0.019988 0.905213
0 0.321865 0.496051 0.016657 0.963665
0 0.344977 0.491311 0.017906 0.979463
0 0.363299 0.492891 0.013742 0.982622
7 0.376552 0.644550 0.017906 0.654028
0 0.396926 0.496840 0.019988 0.984202
0 0.427741 0.495261 0.022487 0.977883
0 0.464178 0.492891 0.023736 0.979463
0 0.498740 0.493681 0.024569 0.981043
7 0.527412 0.840442 0.020405 0.240126
7 0.624854 0.630332 0.025402 0.717220
7 0.689815 0.566351 0.035396 0.819905
7 0.799749 0.550553 0.033730 0.845182
