0 0.072565 0.534755 0.008243 0.854660
0 0.126144 0.524487 0.011776 0.903633
0 0.175013 0.496840 0.016486 0.946288
0 0.221820 0.499210 0.019430 0.954186
0 0.267745 0.490521 0.018252 0.949447
0 0.324267 0.482622 0.024140 0.962085
0 0.424359 0.573460 0.020607 0.783570
0 0.496190 0.507899 0.021785 0.943128
0 0.562428 0.491311 0.024729 0.941548
0 0.644942 0.487362 0.021196 0.965245
0 0.695871 0.515008 0.020607 0.932070
0 0.745917 0.503949 0.018252 0.938389
0 0.794196 0.528436 0.019430 0.883096
0 0.838355 0.493681 0.019430 0.927330
0 0.949633 0.518167 0.020607 0.913112
