0 0.030331 0.631912 0.010896 0.606635
0 0.223466 0.672196 0.013841 0.507109
0 0.279271 0.718009 0.011190 0.409163
0 0.317112 0.729068 0.011485 0.402844
0 0.356721 0.717220 0.013546 0.385466
0 0.396624 0.722749 0.013841 0.402844
0 0.445009 0.720379 0.012368 0.401264
0 0.505894 0.673776 0.008982 0.513428
0 0.575245 0.657978 0.011043 0.551343
0 0.629837 0.669826 0.018553 0.530806
0 0.685274 0.642970 0.010749 0.571880
0 0.763339 0.688784 0.012957 0.486572
0 0.836004 0.675355 0.011043 0.497630
0 0.888092 0.665877 0.012957 0.526066
0 0.952585 0.667457 0.013252 0.503949
0 0.999870 0.663507 0.000260 0.521327
