0 0.050867 0.705696 0.036511 0.487342
0 0.094445 0.687500 0.034156 0.485759
1 0.268487 0.545814 0.173134 0.551343
0 0.222823 0.768987 0.024733 0.395570
0 0.251090 0.776899 0.027089 0.386076
0 0.280535 0.780063 0.022378 0.401899
0 0.440125 0.705696 0.023556 0.528481
0 0.481936 0.662184 0.036511 0.533228
0 0.533759 0.667722 0.024733 0.604430
1 0.644051 0.560918 0.170779 0.520570
0 0.803646 0.715981 0.031800 0.469937
0 0.878435 0.682753 0.028267 0.488924
0 0.979725 0.733386 0.016489 0.428797
0 0.995162 0.733386 0.009675 0.441456
