0 0.021237 0.602310 0.011659 0.740225
0 0.078284 0.616825 0.011659 0.722808
0 0.142410 0.642225 0.012492 0.674911
0 0.182176 0.649482 0.013741 0.666203
0 0.242346 0.650933 0.017489 0.654591
0 0.348821 0.619002 0.017489 0.709745
0 0.489149 0.608116 0.016656 0.748934
0 0.523502 0.584168 0.019571 0.782316
0 0.571596 0.568928 0.014990 0.812796
0 0.653619 0.566751 0.014990 0.834568
0 0.709209 0.570379 0.013741 0.830213
0 0.746060 0.568928 0.013325 0.838922
0 0.780622 0.573282 0.015823 0.827310
0 0.813101 0.569653 0.014990 0.822956
0 0.875699 0.591425 0.012908 0.779414
0 0.907970 0.567476 0.014990 0.818602
0 0.950443 0.570379 0.016656 0.812796
0 0.993959 0.569653 0.012081 0.825859
