6 0.047122 0.511058 0.042473 0.936809
6 0.149974 0.648499 0.029981 0.671406
6 0.244844 0.548183 0.023319 0.865719
6 0.379296 0.546603 0.035579 0.878357
6 0.453253 0.680095 0.021237 0.614534
6 0.632528 0.526856 0.031230 0.914692
0 0.711250 0.629542 0.015823 0.715640
0 0.792449 0.669826 0.009994 0.650869
0 0.805149 0.639810 0.015407 0.691943
0 0.844291 0.640600 0.017905 0.690363
0 0.875313 0.661137 0.014990 0.642970
0 0.891761 0.661137 0.017072 0.658768
6 0.911093 0.560822 0.021237 0.849921
0 0.946695 0.602686 0.014990 0.753555
6 0.982089 0.552133 0.018322 0.876777
0 0.999164 0.680885 0.001671 0.600316
