0 0.057745 0.619273 0.015823 0.698262
8 0.079814 0.789889 0.019155 0.357030
0 0.103757 0.605845 0.012076 0.744076
0 0.115000 0.597946 0.010410 0.740916
6 0.127599 0.620853 0.017905 0.685624
0 0.160180 0.609005 0.013325 0.744076
6 0.174559 0.507109 0.011659 0.947867
0 0.184761 0.617694 0.012076 0.575039
0 0.221196 0.603476 0.016656 0.751975
6 0.328003 0.565561 0.019571 0.812006
6 0.442306 0.548183 0.017489 0.840442
6 0.596166 0.561611 0.017905 0.788310
0 0.699062 0.578199 0.016240 0.799368
6 0.732791 0.517378 0.017905 0.908373
0 0.753611 0.591627 0.016240 0.759874
0 0.774431 0.758294 0.015407 0.385466
0 0.841055 0.673776 0.016240 0.598736
0 0.884569 0.635861 0.009161 0.601896
0 0.896020 0.629542 0.016240 0.684044
6 0.948695 0.477093 0.021653 0.938389
