0 0.001440 0.595912 0.002881 0.742138
0 0.066174 0.515723 0.026650 0.933962
0 0.114893 0.522013 0.015823 0.915094
12 0.130716 0.491352 0.015823 0.982704
0 0.145707 0.486635 0.015823 0.973270
0 0.173189 0.532233 0.020820 0.897799
0 0.241896 0.499214 0.019987 0.960692
0 0.269378 0.493711 0.019987 0.968553
0 0.305605 0.489780 0.019155 0.970126
0 0.375977 0.500000 0.024984 0.946541
12 0.441769 0.504717 0.016656 0.949686
0 0.454677 0.602201 0.012492 0.748428
0 0.470917 0.492925 0.018322 0.973270
0 0.514223 0.490566 0.019987 0.971698
0 0.569188 0.558962 0.016656 0.831761
12 0.595005 0.491352 0.014990 0.970126
12 0.662879 0.500786 0.017489 0.998428
0 0.717427 0.510220 0.011659 0.944969
0 0.730336 0.533019 0.015823 0.905660
0 0.797793 0.498428 0.020820 0.984277
0 0.855673 0.500786 0.018322 0.985849
0 0.898979 0.520440 0.016656 0.940252
0 0.916051 0.494497 0.015823 0.988994
12 0.954360 0.498428 0.022486 0.974843
