0 0.075391 0.495261 0.020820 0.981043
0 0.130356 0.622433 0.020820 0.723539
0 0.164085 0.613744 0.024984 0.759874
0 0.230709 0.537125 0.023319 0.894155
0 0.276513 0.615324 0.023319 0.747235
0 0.316904 0.625592 0.020820 0.723539
0 0.392135 0.578989 0.039142 0.797788
0 0.463339 0.491311 0.024984 0.982622
1 0.561796 0.420597 0.132416 0.822327
0 0.702771 0.600316 0.019155 0.774092
0 0.746493 0.495261 0.024984 0.984202
0 0.789382 0.496840 0.024151 0.990521
12 0.831023 0.495261 0.021653 0.971564
0 0.956360 0.493681 0.029981 0.984202
