0 0.007990 0.593997 0.015979 0.774092
0 0.036383 0.590837 0.019155 0.777251
0 0.066364 0.591627 0.022486 0.781990
0 0.104257 0.492101 0.019987 0.971564
0 0.145481 0.491311 0.022486 0.979463
0 0.185872 0.494471 0.026650 0.979463
0 0.210902 0.497630 0.011659 0.982622
0 0.225893 0.496840 0.018322 0.974724
0 0.264202 0.494471 0.014990 0.973144
0 0.292517 0.493681 0.013325 0.971564
0 0.312505 0.493681 0.018322 0.984202
0 0.357060 0.492891 0.014158 0.976303
0 0.402031 0.496051 0.022486 0.973144
0 0.432429 0.642970 0.013325 0.682464
0 0.447419 0.530806 0.021653 0.909953
0 0.480315 0.661927 0.019155 0.619273
0 0.503633 0.594787 0.022486 0.769352
0 0.536113 0.584518 0.015823 0.805687
0 0.554851 0.578989 0.019987 0.810427
0 0.584415 0.499210 0.017489 0.992101
0 0.608567 0.590047 0.019155 0.804107
0 0.663115 0.639810 0.024984 0.695103
0 0.698510 0.597946 0.017489 0.763033
0 0.731405 0.654818 0.018322 0.665087
12 0.757870 0.495283 0.019987 0.987421
12 0.835321 0.518868 0.019987 0.946541
0 0.902362 0.566038 0.017489 0.817610
0 0.926097 0.617925 0.023319 0.710692
