0 0.054214 0.493681 0.025817 0.981043
0 0.149570 0.496051 0.028315 0.988942
0 0.241179 0.494471 0.023319 0.985782
0 0.278239 0.492101 0.022486 0.974724
0 0.317797 0.492891 0.021653 0.982622
0 0.393999 0.492891 0.022486 0.979463
0 0.447298 0.493681 0.025817 0.984202
0 0.478529 0.494471 0.019987 0.982622
0 0.520585 0.499210 0.020820 0.995261
0 0.565140 0.497630 0.024984 0.982622
0 0.646755 0.497630 0.021653 0.985782
0 0.727630 0.491311 0.013325 0.976303
12 0.740909 0.537915 0.016656 0.886256
0 0.770520 0.498420 0.019155 0.971564
0 0.842141 0.492101 0.014158 0.974724
0 0.896273 0.486572 0.027483 0.966825
