1 0.193081 0.444969 0.156567 0.786164
0 0.297135 0.664297 0.021653 0.620853
0 0.373337 0.578989 0.025817 0.781991
0 0.408314 0.575829 0.024151 0.804107
0 0.462030 0.576619 0.026650 0.808847
0 0.535733 0.537125 0.025817 0.884676
0 0.630257 0.624803 0.026650 0.696682
0 0.708124 0.609795 0.027483 0.736177
0 0.763506 0.612164 0.023319 0.725118
0 0.792654 0.598736 0.021653 0.742496
0 0.858445 0.574250 0.023319 0.785150
0 0.893007 0.494471 0.027483 0.976303
0 0.943808 0.496051 0.020820 0.982622
0 0.984199 0.496840 0.023319 0.990521
