1 0.069477 0.781201 0.078288 0.093207
0 0.252843 0.801738 0.023320 0.295419
0 0.460222 0.792259 0.021654 0.295419
0 0.581402 0.669826 0.020821 0.552923
0 0.613050 0.672986 0.020821 0.556082
0 0.638868 0.676145 0.024153 0.556082
0 0.665520 0.651659 0.027484 0.620853
0 0.692587 0.650869 0.024985 0.631911
0 0.716740 0.634281 0.024985 0.658768
0 0.737977 0.627172 0.015824 0.666667
0 0.752136 0.615324 0.014158 0.690363
0 0.766294 0.626382 0.015824 0.680885
0 0.795860 0.619273 0.023320 0.688784
0 0.828342 0.665087 0.016657 0.606635
