0 0.007638 0.849131 0.015277 0.232228
0 0.063579 0.840442 0.019987 0.230648
0 0.089396 0.839652 0.018322 0.235387
0 0.129787 0.822275 0.025817 0.266983
0 0.163932 0.821485 0.024151 0.262243
0 0.203074 0.821485 0.022486 0.262243
0 0.411275 0.802528 0.024151 0.315956
0 0.463742 0.833333 0.029148 0.254344
0 0.640251 0.862559 0.019155 0.236967
0 0.656907 0.855450 0.017489 0.244866
0 0.692301 0.869668 0.018322 0.210111
0 0.756843 0.847551 0.019155 0.229068
0 0.803064 0.842812 0.021653 0.244866
0 0.887177 0.824645 0.024984 0.281201
0 0.940060 0.846761 0.025817 0.202212
0 0.997305 0.841232 0.005391 0.235387
